(1, 1887)	[0.0, 0, 0, 0, 0]
(1, 1530)	[0.0, 0, 0, 0, 0]
(1, 826)	[0.0, 0, 0, 0, 0]
(1, 1831)	[0.0, 0, 0, 0, 0]
(1, 2718)	[0.0, 0, 0, 0, 0]
(1, 1330)	[0.0, 0, 0, 0, 0]
(1, 2557)	[0.0, 0, 0, 0, 0]
(1, 2692)	[0.0, 0, 0, 0, 0]
(1, 2555)	[0.0, 0, 0, 0, 0]
(1, 1977)	[0.0, 0, 0, 0, 0]
(1, 1479)	[0.0, 0, 0, 0, 0]
(1, 1328)	[0.0, 0, 0, 0, 0]
(1, 1068)	[0.0, 0, 0, 0, 0]
(1, 3321)	[0.0, 0, 0, 0, 0]
(1, 2528)	[0.0, 0, 0, 0, 0]
(1, 1338)	[0.0, 0, 0, 0, 0]
(1, 1486)	[0.0, 0, 0, 0, 0]
(1, 3625)	[0.0, 0, 0, 0, 0]
(1, 1586)	[0.0, 0, 0, 0, 0]
(1, 1883)	[0.0, 0, 0, 0, 0]
(1, 1663)	[0.0, 0, 0, 0, 0]
(1, 245)	[1.0, 0, 0, 0, 0]
(1, 3196)	[0.0, 0, 0, 0, 0]
(1, 220)	[1.0, 0, 0, 0, 0]
(1, 3106)	[0.0, 0, 0, 0, 0]
(1, 2667)	[0.0, 0, 0, 0, 0]
(1, 2983)	[0.0, 0, 0, 0, 0]
(1, 2520)	[0.0, 0, 0, 0, 0]
(1, 956)	[0.0, 0, 0, 0, 0]
(1, 3667)	[0.0, 0, 0, 0, 0]
(1, 1036)	[0.0, 0, 0, 0, 0]
(1, 2508)	[0.0, 0, 0, 0, 0]
(1, 223)	[1.0, 0, 0, 0, 0]
(1, 3168)	[0.0, 0, 0, 0, 0]
(1, 3503)	[0.0, 0, 0, 0, 0]
(1, 2888)	[0.0, 0, 0, 0, 0]
(1, 1004)	[0.0, 0, 0, 0, 0]
(1, 1491)	[0.0, 0, 0, 0, 0]
(1, 1801)	[0.0, 0, 0, 0, 0]
(1, 227)	[1.0, 0, 0, 0, 0]
(1, 2438)	[0.0, 0, 0, 0, 0]
(1, 1923)	[0.0, 0, 0, 0, 0]
(1, 81)	[1.0, 0, 0, 0, 0]
(1, 3172)	[0.0, 0, 0, 0, 0]
(1, 2200)	[0.0, 0, 0, 0, 0]
(1, 731)	[0.0, 0, 0, 0, 0]
(1, 1113)	[0.0, 0, 0, 0, 0]
(1, 765)	[0.0, 0, 0, 0, 0]
(1, 850)	[0.0, 0, 0, 0, 0]
(1, 1779)	[0.0, 0, 0, 0, 0]
(1, 3612)	[0.0, 0, 0, 0, 0]
(1, 1933)	[0.0, 0, 0, 0, 0]
(1, 2587)	[0.0, 0, 0, 0, 0]
(1, 1807)	[0.0, 0, 0, 0, 0]
(1, 1193)	[0.0, 0, 0, 0, 0]
(1, 248)	[1.0, 0, 0, 0, 0]
(1, 2694)	[0.0, 0, 0, 0, 0]
(1, 1225)	[0.0, 0, 0, 0, 0]
(1, 2955)	[0.0, 0, 0, 0, 0]
(1, 2452)	[0.0, 0, 0, 0, 0]
(1, 787)	[0.0, 0, 0, 0, 0]
(1, 2310)	[0.0, 0, 0, 0, 0]
(1, 1540)	[0.0, 0, 0, 0, 0]
(1, 856)	[0.0, 0, 0, 0, 0]
(1, 3180)	[0.0, 0, 0, 0, 0]
(1, 2357)	[0.0, 0, 0, 0, 0]
(1, 1254)	[0.0, 0, 0, 0, 0]
(1, 3717)	[0.0, 0, 0, 0, 0]
(1, 1125)	[0.0, 0, 0, 0, 0]
(1, 1361)	[0.0, 0, 0, 0, 0]
(1, 3360)	[0.0, 0, 0, 0, 0]
(1, 3112)	[0.0, 0, 0, 0, 0]
(1, 3317)	[0.0, 0, 0, 0, 0]
(1, 320)	[1.0, 0, 0, 0, 0]
(1, 1476)	[0.0, 0, 0, 0, 0]
(1, 2993)	[0.0, 0, 0, 0, 0]
(1, 1539)	[0.0, 0, 0, 0, 0]
(1, 1248)	[0.0, 0, 0, 0, 0]
(1, 260)	[1.0, 0, 0, 0, 0]
(1, 49)	[1.0, 0, 0, 0, 0]
(1, 3528)	[0.0, 0, 0, 0, 0]
(1, 790)	[0.0, 0, 0, 0, 0]
(1, 3256)	[0.0, 0, 0, 0, 0]
(1, 1110)	[0.0, 0, 0, 0, 0]
(1, 881)	[0.0, 0, 0, 0, 0]
(1, 1548)	[0.0, 0, 0, 0, 0]
(1, 805)	[0.0, 0, 0, 0, 0]
(1, 1355)	[0.0, 0, 0, 0, 0]
(1, 2090)	[0.0, 0, 0, 0, 0]
(1, 2827)	[0.0, 0, 0, 0, 0]
(1, 719)	[0.0, 0, 0, 0, 0]
(1, 3030)	[0.0, 0, 0, 0, 0]
(1, 40)	[1.0, 0, 0, 0, 0]
(1, 2440)	[0.0, 0, 0, 0, 0]
(1, 1363)	[0.0, 0, 0, 0, 0]
(1, 2853)	[0.0, 0, 0, 0, 0]
(1, 1251)	[0.0, 0, 0, 0, 0]
(1, 1140)	[0.0, 0, 0, 0, 0]
(1, 1366)	[0.0, 0, 0, 0, 0]
(1, 3653)	[0.0, 0, 0, 0, 0]
(1, 1390)	[0.0, 0, 0, 0, 0]
(1, 251)	[1.0, 0, 0, 0, 0]
(1, 1777)	[0.0, 0, 0, 0, 0]
(1, 1266)	[0.0, 0, 0, 0, 0]
(1, 54)	[1.0, 0, 0, 0, 0]
(1, 1497)	[0.0, 0, 0, 0, 0]
(1, 3683)	[0.0, 0, 0, 0, 0]
(1, 939)	[0.0, 0, 0, 0, 0]
(1, 3495)	[0.0, 0, 0, 0, 0]
(1, 1813)	[0.0, 0, 0, 0, 0]
(1, 1043)	[0.0, 0, 0, 0, 0]
(1, 998)	[0.0, 0, 0, 0, 0]
(1, 2329)	[0.0, 0, 0, 0, 0]
(1, 1038)	[0.0, 0, 0, 0, 0]
(1, 1128)	[0.0, 0, 0, 0, 0]
(1, 841)	[0.0, 0, 0, 0, 0]
(1, 204)	[1.0, 0, 0, 0, 0]
(1, 2026)	[0.0, 0, 0, 0, 0]
(1, 246)	[1.0, 0, 0, 0, 0]
(1, 1360)	[0.0, 0, 0, 0, 0]
(1, 1376)	[0.0, 0, 0, 0, 0]
(1, 2403)	[0.0, 0, 0, 0, 0]
(1, 523)	[1.0, 0, 0, 0, 0]
(1, 3764)	[0.0, 0, 0, 0, 0]
(1, 2247)	[0.0, 0, 0, 0, 0]
(1, 1231)	[0.0, 0, 0, 0, 0]
(1, 3413)	[0.0, 0, 0, 0, 0]
(1, 1689)	[0.0, 0, 0, 0, 0]
(1, 3483)	[0.0, 0, 0, 0, 0]
(1, 1373)	[0.0, 0, 0, 0, 0]
(1, 1815)	[0.0, 0, 0, 0, 0]
(1, 2359)	[0.0, 0, 0, 0, 0]
(1, 2884)	[0.0, 0, 0, 0, 0]
(1, 3778)	[0.0, 0, 0, 0, 0]
(1, 3136)	[0.0, 0, 0, 0, 0]
(1, 2631)	[0.0, 0, 0, 0, 0]
(1, 3760)	[0.0, 0, 0, 0, 0]
(1, 167)	[1.0, 0, 0, 0, 0]
(1, 2353)	[0.0, 0, 0, 0, 0]
(1, 665)	[0.0, 0, 0, 0, 0]
(1, 1631)	[0.0, 0, 0, 0, 0]
(1, 1312)	[0.0, 0, 0, 0, 0]
(1, 2302)	[0.0, 0, 0, 0, 0]
(1, 828)	[0.0, 0, 0, 0, 0]
(1, 3202)	[0.0, 0, 0, 0, 0]
(1, 1731)	[0.0, 0, 0, 0, 0]
(1, 775)	[0.0, 0, 0, 0, 0]
(1, 3073)	[0.0, 0, 0, 0, 0]
(1, 788)	[0.0, 0, 0, 0, 0]
(1, 744)	[0.0, 0, 0, 0, 0]
(1, 2227)	[0.0, 0, 0, 0, 0]
(1, 1265)	[0.0, 0, 0, 0, 0]
(1, 2928)	[0.0, 0, 0, 0, 0]
(1, 1259)	[0.0, 0, 0, 0, 0]
(1, 1007)	[0.0, 0, 0, 0, 0]
(1, 3786)	[0.0, 0, 0, 0, 0]
(1, 201)	[1.0, 0, 0, 0, 0]
(1, 2198)	[0.0, 0, 0, 0, 0]
(1, 3639)	[0.0, 0, 0, 0, 0]
(1, 1683)	[0.0, 0, 0, 0, 0]
(1, 656)	[0.0, 0, 0, 0, 0]
(1, 3623)	[0.0, 0, 0, 0, 0]
(1, 2903)	[0.0, 0, 0, 0, 0]
(1, 2702)	[0.0, 0, 0, 0, 0]
(1, 1626)	[0.0, 0, 0, 0, 0]
(1, 2910)	[0.0, 0, 0, 0, 0]
(1, 2847)	[0.0, 0, 0, 0, 0]
(1, 1554)	[0.0, 0, 0, 0, 0]
(1, 3098)	[0.0, 0, 0, 0, 0]
(1, 1357)	[0.0, 0, 0, 0, 0]
(1, 718)	[0.0, 0, 0, 0, 0]
(1, 3822)	[0.0, 0, 0, 0, 0]
(1, 689)	[0.0, 0, 0, 0, 0]
(1, 1604)	[0.0, 0, 0, 0, 0]
(1, 2347)	[0.0, 0, 0, 0, 0]
(1, 1915)	[0.0, 0, 0, 0, 0]
(1, 2184)	[0.0, 0, 0, 0, 0]
(1, 1362)	[0.0, 0, 0, 0, 0]
(1, 3695)	[0.0, 0, 0, 0, 0]
(1, 2180)	[0.0, 0, 0, 0, 0]
(1, 2419)	[0.0, 0, 0, 0, 0]
(1, 3134)	[0.0, 0, 0, 0, 0]
(1, 3116)	[0.0, 0, 0, 0, 0]
(1, 3574)	[0.0, 0, 0, 0, 0]
(1, 901)	[0.0, 0, 0, 0, 0]
(1, 761)	[0.0, 0, 0, 0, 0]
(1, 1767)	[0.0, 0, 0, 0, 0]
(1, 1354)	[0.0, 0, 0, 0, 0]
(1, 1727)	[0.0, 0, 0, 0, 0]
(1, 2759)	[0.0, 0, 0, 0, 0]
(1, 2767)	[0.0, 0, 0, 0, 0]
(1, 233)	[1.0, 0, 0, 0, 0]
(1, 688)	[0.0, 0, 0, 0, 0]
(1, 989)	[0.0, 0, 0, 0, 0]
(1, 1885)	[0.0, 0, 0, 0, 0]
(1, 2341)	[0.0, 0, 0, 0, 0]
(1, 791)	[0.0, 0, 0, 0, 0]
(1, 3032)	[0.0, 0, 0, 0, 0]
(1, 3223)	[0.0, 0, 0, 0, 0]
(1, 153)	[1.0, 0, 0, 0, 0]
(1, 193)	[1.0, 0, 0, 0, 0]
(1, 2688)	[0.0, 0, 0, 0, 0]
(1, 820)	[0.0, 0, 0, 0, 0]
(1, 2975)	[0.0, 0, 0, 0, 0]
(1, 855)	[0.0, 0, 0, 0, 0]
(1, 1410)	[0.0, 0, 0, 0, 0]
(1, 543)	[1.0, 0, 0, 0, 0]
(1, 1649)	[0.0, 0, 0, 0, 0]
(1, 2292)	[0.0, 0, 0, 0, 0]
(1, 2837)	[0.0, 0, 0, 0, 0]
(1, 2751)	[0.0, 0, 0, 0, 0]
(1, 1707)	[0.0, 0, 0, 0, 0]
(1, 3164)	[0.0, 0, 0, 0, 0]
(1, 1288)	[0.0, 0, 0, 0, 0]
(1, 3548)	[0.0, 0, 0, 0, 0]
(1, 685)	[0.0, 0, 0, 0, 0]
(1, 615)	[1.0, 0, 0, 0, 0]
(1, 3146)	[0.0, 0, 0, 0, 0]
(1, 759)	[0.0, 0, 0, 0, 0]
(1, 1309)	[0.0, 0, 0, 0, 0]
(1, 819)	[0.0, 0, 0, 0, 0]
(1, 1415)	[0.0, 0, 0, 0, 0]
(1, 3247)	[0.0, 0, 0, 0, 0]
(1, 1204)	[0.0, 0, 0, 0, 0]
(1, 2843)	[0.0, 0, 0, 0, 0]
(1, 1517)	[0.0, 0, 0, 0, 0]
(1, 1106)	[0.0, 0, 0, 0, 0]
(1, 2800)	[0.0, 0, 0, 0, 0]
(1, 3190)	[0.0, 0, 0, 0, 0]
(1, 1365)	[0.0, 0, 0, 0, 0]
(1, 1449)	[0.0, 0, 0, 0, 0]
(1, 2389)	[0.0, 0, 0, 0, 0]
(1, 894)	[0.0, 0, 0, 0, 0]
(1, 2468)	[0.0, 0, 0, 0, 0]
(1, 829)	[0.0, 0, 0, 0, 0]
(1, 1611)	[0.0, 0, 0, 0, 0]
(1, 768)	[0.0, 0, 0, 0, 0]
(1, 2504)	[0.0, 0, 0, 0, 0]
(1, 2209)	[0.0, 0, 0, 0, 0]
(1, 742)	[0.0, 0, 0, 0, 0]
(1, 961)	[0.0, 0, 0, 0, 0]
(1, 668)	[0.0, 0, 0, 0, 0]
(1, 1233)	[0.0, 0, 0, 0, 0]
(1, 2727)	[0.0, 0, 0, 0, 0]
(1, 1467)	[0.0, 0, 0, 0, 0]
(1, 2317)	[0.0, 0, 0, 0, 0]
(1, 1661)	[0.0, 0, 0, 0, 0]
(1, 1504)	[0.0, 0, 0, 0, 0]
(1, 221)	[1.0, 0, 0, 0, 0]
(1, 3417)	[0.0, 0, 0, 0, 0]
(1, 2785)	[0.0, 0, 0, 0, 0]
(1, 1578)	[0.0, 0, 0, 0, 0]
(1, 889)	[0.0, 0, 0, 0, 0]
(1, 3661)	[0.0, 0, 0, 0, 0]
(1, 1062)	[0.0, 0, 0, 0, 0]
(1, 3475)	[0.0, 0, 0, 0, 0]
(1, 2580)	[0.0, 0, 0, 0, 0]
(1, 142)	[1.0, 0, 0, 0, 0]
(1, 249)	[1.0, 0, 0, 0, 0]
(1, 3329)	[0.0, 0, 0, 0, 0]
(1, 2323)	[0.0, 0, 0, 0, 0]
(1, 786)	[0.0, 0, 0, 0, 0]
(1, 2141)	[0.0, 0, 0, 0, 0]
(1, 1407)	[0.0, 0, 0, 0, 0]
(1, 2584)	[0.0, 0, 0, 0, 0]
(1, 1466)	[0.0, 0, 0, 0, 0]
(1, 1465)	[0.0, 0, 0, 0, 0]
(1, 1272)	[0.0, 0, 0, 0, 0]
(1, 16)	[1.0, 0, 0, 0, 0]
(1, 14)	[1.0, 0, 0, 0, 0]
(1, 2696)	[0.0, 0, 0, 0, 0]
(1, 3510)	[0.0, 0, 0, 0, 0]
(1, 813)	[0.0, 0, 0, 0, 0]
(1, 1119)	[0.0, 0, 0, 0, 0]
(1, 1457)	[0.0, 0, 0, 0, 0]
(1, 3723)	[0.0, 0, 0, 0, 0]
(1, 3663)	[0.0, 0, 0, 0, 0]
(1, 1999)	[0.0, 0, 0, 0, 0]
(1, 1911)	[0.0, 0, 0, 0, 0]
(1, 2518)	[0.0, 0, 0, 0, 0]
(1, 1791)	[0.0, 0, 0, 0, 0]
(1, 2288)	[0.0, 0, 0, 0, 0]
(1, 524)	[1.0, 0, 0, 0, 0]
(1, 3249)	[0.0, 0, 0, 0, 0]
(1, 1201)	[0.0, 0, 0, 0, 0]
(1, 1650)	[0.0, 0, 0, 0, 0]
(1, 2551)	[0.0, 0, 0, 0, 0]
(1, 2938)	[0.0, 0, 0, 0, 0]
(1, 1151)	[0.0, 0, 0, 0, 0]
(1, 2446)	[0.0, 0, 0, 0, 0]
(1, 1005)	[0.0, 0, 0, 0, 0]
(1, 1084)	[0.0, 0, 0, 0, 0]
(1, 2405)	[0.0, 0, 0, 0, 0]
(1, 1519)	[0.0, 0, 0, 0, 0]
(1, 1325)	[0.0, 0, 0, 0, 0]
(1, 1997)	[0.0, 0, 0, 0, 0]
(1, 3000)	[0.0, 0, 0, 0, 0]
(1, 1837)	[0.0, 0, 0, 0, 0]
(1, 1008)	[0.0, 0, 0, 0, 0]
(1, 1214)	[0.0, 0, 0, 0, 0]
(1, 1169)	[0.0, 0, 0, 0, 0]
(1, 317)	[1.0, 0, 0, 0, 0]
(1, 2022)	[0.0, 0, 0, 0, 0]
(1, 1283)	[0.0, 0, 0, 0, 0]
(1, 1100)	[0.0, 0, 0, 0, 0]
(1, 3154)	[0.0, 0, 0, 0, 0]
(1, 1536)	[0.0, 0, 0, 0, 0]
(1, 918)	[0.0, 0, 0, 0, 0]
(1, 1641)	[0.0, 0, 0, 0, 0]
(1, 257)	[1.0, 0, 0, 0, 0]
(1, 769)	[0.0, 0, 0, 0, 0]
(1, 3227)	[0.0, 0, 0, 0, 0]
(1, 1809)	[0.0, 0, 0, 0, 0]
(1, 1743)	[0.0, 0, 0, 0, 0]
(1, 3730)	[0.0, 0, 0, 0, 0]
(1, 3206)	[0.0, 0, 0, 0, 0]
(1, 766)	[0.0, 0, 0, 0, 0]
(1, 1293)	[0.0, 0, 0, 0, 0]
(1, 3766)	[0.0, 0, 0, 0, 0]
(1, 3188)	[0.0, 0, 0, 0, 0]
(1, 1144)	[0.0, 0, 0, 0, 0]
(1, 1289)	[0.0, 0, 0, 0, 0]
(1, 1333)	[0.0, 0, 0, 0, 0]
(1, 519)	[1.0, 0, 0, 0, 0]
(1, 3434)	[0.0, 0, 0, 0, 0]
(1, 57)	[1.0, 0, 0, 0, 0]
(1, 1377)	[0.0, 0, 0, 0, 0]
(1, 848)	[0.0, 0, 0, 0, 0]
(1, 192)	[1.0, 0, 0, 0, 0]
(1, 1524)	[0.0, 0, 0, 0, 0]
(1, 2460)	[0.0, 0, 0, 0, 0]
(1, 1532)	[0.0, 0, 0, 0, 0]
(1, 2042)	[0.0, 0, 0, 0, 0]
(1, 2796)	[0.0, 0, 0, 0, 0]
(1, 3200)	[0.0, 0, 0, 0, 0]
(1, 1205)	[0.0, 0, 0, 0, 0]
(1, 940)	[0.0, 0, 0, 0, 0]
(1, 2967)	[0.0, 0, 0, 0, 0]
(1, 2206)	[0.0, 0, 0, 0, 0]
(1, 1684)	[0.0, 0, 0, 0, 0]
(1, 2524)	[0.0, 0, 0, 0, 0]
(1, 3396)	[0.0, 0, 0, 0, 0]
(1, 2991)	[0.0, 0, 0, 0, 0]
(1, 3296)	[0.0, 0, 0, 0, 0]
(1, 1450)	[0.0, 0, 0, 0, 0]
(1, 3750)	[0.0, 0, 0, 0, 0]
(1, 3252)	[0.0, 0, 0, 0, 0]
(1, 1547)	[0.0, 0, 0, 0, 0]
(1, 1498)	[0.0, 0, 0, 0, 0]
(1, 1305)	[0.0, 0, 0, 0, 0]
(1, 1306)	[0.0, 0, 0, 0, 0]
(1, 1371)	[0.0, 0, 0, 0, 0]
(1, 1793)	[0.0, 0, 0, 0, 0]
(1, 2282)	[0.0, 0, 0, 0, 0]
(1, 123)	[1.0, 0, 0, 0, 0]
(1, 2936)	[0.0, 0, 0, 0, 0]
(1, 3493)	[0.0, 0, 0, 0, 0]
(1, 1117)	[0.0, 0, 0, 0, 0]
(1, 897)	[0.0, 0, 0, 0, 0]
(1, 781)	[0.0, 0, 0, 0, 0]
(1, 1067)	[0.0, 0, 0, 0, 0]
(1, 3514)	[0.0, 0, 0, 0, 0]
(1, 1666)	[0.0, 0, 0, 0, 0]
(1, 2174)	[0.0, 0, 0, 0, 0]
(1, 633)	[0.0, 0, 0, 0, 0]
(1, 1172)	[0.0, 0, 0, 0, 0]
(1, 1829)	[0.0, 0, 0, 0, 0]
(1, 3044)	[0.0, 0, 0, 0, 0]
(1, 2006)	[0.0, 0, 0, 0, 0]
(1, 2337)	[0.0, 0, 0, 0, 0]
(1, 3581)	[0.0, 0, 0, 0, 0]
(1, 661)	[0.0, 0, 0, 0, 0]
(1, 785)	[0.0, 0, 0, 0, 0]
(1, 3212)	[0.0, 0, 0, 0, 0]
(1, 2629)	[0.0, 0, 0, 0, 0]
(1, 258)	[1.0, 0, 0, 0, 0]
(1, 3283)	[0.0, 0, 0, 0, 0]
(1, 936)	[0.0, 0, 0, 0, 0]
(1, 778)	[0.0, 0, 0, 0, 0]
(1, 943)	[0.0, 0, 0, 0, 0]
(1, 3679)	[0.0, 0, 0, 0, 0]
(1, 3088)	[0.0, 0, 0, 0, 0]
(1, 1943)	[0.0, 0, 0, 0, 0]
(1, 799)	[0.0, 0, 0, 0, 0]
(1, 2922)	[0.0, 0, 0, 0, 0]
(1, 2811)	[0.0, 0, 0, 0, 0]
(1, 2753)	[0.0, 0, 0, 0, 0]
(1, 2914)	[0.0, 0, 0, 0, 0]
(1, 3544)	[0.0, 0, 0, 0, 0]
(1, 2304)	[0.0, 0, 0, 0, 0]
(1, 1713)	[0.0, 0, 0, 0, 0]
(1, 1097)	[0.0, 0, 0, 0, 0]
(1, 2547)	[0.0, 0, 0, 0, 0]
(1, 2101)	[0.0, 0, 0, 0, 0]
(1, 64)	[1.0, 0, 0, 0, 0]
(1, 2030)	[0.0, 0, 0, 0, 0]
(1, 1989)	[0.0, 0, 0, 0, 0]
(1, 1001)	[0.0, 0, 0, 0, 0]
(1, 2686)	[0.0, 0, 0, 0, 0]
(1, 1349)	[0.0, 0, 0, 0, 0]
(1, 2908)	[0.0, 0, 0, 0, 0]
(1, 3773)	[0.0, 0, 0, 0, 0]
(1, 2339)	[0.0, 0, 0, 0, 0]
(1, 1194)	[0.0, 0, 0, 0, 0]
(1, 3806)	[0.0, 0, 0, 0, 0]
(1, 1191)	[0.0, 0, 0, 0, 0]
(1, 957)	[0.0, 0, 0, 0, 0]
(1, 3438)	[0.0, 0, 0, 0, 0]
(1, 2482)	[0.0, 0, 0, 0, 0]
(1, 1516)	[0.0, 0, 0, 0, 0]
(1, 2611)	[0.0, 0, 0, 0, 0]
(1, 741)	[0.0, 0, 0, 0, 0]
(1, 3400)	[0.0, 0, 0, 0, 0]
(1, 230)	[1.0, 0, 0, 0, 0]
(1, 1857)	[0.0, 0, 0, 0, 0]
(1, 23)	[1.0, 0, 0, 0, 0]
(1, 2512)	[0.0, 0, 0, 0, 0]
(1, 2115)	[0.0, 0, 0, 0, 0]
(1, 3604)	[0.0, 0, 0, 0, 0]
(1, 2737)	[0.0, 0, 0, 0, 0]
(1, 2763)	[0.0, 0, 0, 0, 0]
(1, 1648)	[0.0, 0, 0, 0, 0]
(1, 1817)	[0.0, 0, 0, 0, 0]
(1, 725)	[0.0, 0, 0, 0, 0]
(1, 141)	[1.0, 0, 0, 0, 0]
(1, 1282)	[0.0, 0, 0, 0, 0]
(1, 224)	[1.0, 0, 0, 0, 0]
(1, 1260)	[0.0, 0, 0, 0, 0]
(1, 997)	[0.0, 0, 0, 0, 0]
(1, 1509)	[0.0, 0, 0, 0, 0]
(1, 1156)	[0.0, 0, 0, 0, 0]
(1, 1187)	[0.0, 0, 0, 0, 0]
(1, 2040)	[0.0, 0, 0, 0, 0]
(1, 2916)	[0.0, 0, 0, 0, 0]
(1, 1348)	[0.0, 0, 0, 0, 0]
(1, 1463)	[0.0, 0, 0, 0, 0]
(1, 767)	[0.0, 0, 0, 0, 0]
(1, 2582)	[0.0, 0, 0, 0, 0]
(1, 2787)	[0.0, 0, 0, 0, 0]
(1, 923)	[0.0, 0, 0, 0, 0]
(1, 2249)	[0.0, 0, 0, 0, 0]
(1, 59)	[1.0, 0, 0, 0, 0]
(1, 905)	[0.0, 0, 0, 0, 0]
(1, 2239)	[0.0, 0, 0, 0, 0]
(1, 3148)	[0.0, 0, 0, 0, 0]
(1, 985)	[0.0, 0, 0, 0, 0]
(1, 2355)	[0.0, 0, 0, 0, 0]
(1, 2003)	[0.0, 0, 0, 0, 0]
(1, 1526)	[0.0, 0, 0, 0, 0]
(1, 3382)	[0.0, 0, 0, 0, 0]
(1, 3748)	[0.0, 0, 0, 0, 0]
(1, 1588)	[0.0, 0, 0, 0, 0]
(1, 2613)	[0.0, 0, 0, 0, 0]
(1, 2619)	[0.0, 0, 0, 0, 0]
(1, 839)	[0.0, 0, 0, 0, 0]
(1, 2192)	[0.0, 0, 0, 0, 0]
(1, 1075)	[0.0, 0, 0, 0, 0]
(1, 1073)	[0.0, 0, 0, 0, 0]
(1, 3783)	[0.0, 0, 0, 0, 0]
(1, 3022)	[0.0, 0, 0, 0, 0]
(1, 2825)	[0.0, 0, 0, 0, 0]
(1, 1781)	[0.0, 0, 0, 0, 0]
(1, 1503)	[0.0, 0, 0, 0, 0]
(1, 3080)	[0.0, 0, 0, 0, 0]
(1, 980)	[0.0, 0, 0, 0, 0]
(1, 2151)	[0.0, 0, 0, 0, 0]
(1, 1399)	[0.0, 0, 0, 0, 0]
(1, 1120)	[0.0, 0, 0, 0, 0]
(1, 1109)	[0.0, 0, 0, 0, 0]
(1, 1625)	[0.0, 0, 0, 0, 0]
(1, 666)	[0.0, 0, 0, 0, 0]
(1, 1352)	[0.0, 0, 0, 0, 0]
(1, 3746)	[0.0, 0, 0, 0, 0]
(1, 173)	[1.0, 0, 0, 0, 0]
(1, 632)	[0.0, 0, 0, 0, 0]
(1, 1550)	[0.0, 0, 0, 0, 0]
(1, 3567)	[0.0, 0, 0, 0, 0]
(1, 3345)	[0.0, 0, 0, 0, 0]
(1, 2663)	[0.0, 0, 0, 0, 0]
(1, 1335)	[0.0, 0, 0, 0, 0]
(1, 986)	[0.0, 0, 0, 0, 0]
(1, 3445)	[0.0, 0, 0, 0, 0]
(1, 3826)	[0.0, 0, 0, 0, 0]
(1, 1565)	[0.0, 0, 0, 0, 0]
(1, 736)	[0.0, 0, 0, 0, 0]
(1, 3790)	[0.0, 0, 0, 0, 0]
(1, 3384)	[0.0, 0, 0, 0, 0]
(1, 691)	[0.0, 0, 0, 0, 0]
(1, 3333)	[0.0, 0, 0, 0, 0]
(1, 2172)	[0.0, 0, 0, 0, 0]
(1, 3354)	[0.0, 0, 0, 0, 0]
(1, 2700)	[0.0, 0, 0, 0, 0]
(1, 3586)	[0.0, 0, 0, 0, 0]
(1, 1212)	[0.0, 0, 0, 0, 0]
(1, 3792)	[0.0, 0, 0, 0, 0]
(1, 2733)	[0.0, 0, 0, 0, 0]
(1, 2103)	[0.0, 0, 0, 0, 0]
(1, 2143)	[0.0, 0, 0, 0, 0]
(1, 982)	[0.0, 0, 0, 0, 0]
(1, 3192)	[0.0, 0, 0, 0, 0]
(1, 1474)	[0.0, 0, 0, 0, 0]
(1, 1247)	[0.0, 0, 0, 0, 0]
(1, 2072)	[0.0, 0, 0, 0, 0]
(1, 2537)	[0.0, 0, 0, 0, 0]
(1, 3016)	[0.0, 0, 0, 0, 0]
(1, 2265)	[0.0, 0, 0, 0, 0]
(1, 2046)	[0.0, 0, 0, 0, 0]
(1, 3268)	[0.0, 0, 0, 0, 0]
(1, 520)	[1.0, 0, 0, 0, 0]
(1, 821)	[0.0, 0, 0, 0, 0]
(1, 2178)	[0.0, 0, 0, 0, 0]
(1, 1913)	[0.0, 0, 0, 0, 0]
(1, 849)	[0.0, 0, 0, 0, 0]
(1, 3415)	[0.0, 0, 0, 0, 0]
(1, 2204)	[0.0, 0, 0, 0, 0]
(1, 2377)	[0.0, 0, 0, 0, 0]
(1, 860)	[0.0, 0, 0, 0, 0]
(1, 2361)	[0.0, 0, 0, 0, 0]
(1, 2817)	[0.0, 0, 0, 0, 0]
(1, 2743)	[0.0, 0, 0, 0, 0]
(1, 2117)	[0.0, 0, 0, 0, 0]
(1, 1242)	[0.0, 0, 0, 0, 0]
(1, 3675)	[0.0, 0, 0, 0, 0]
(1, 1092)	[0.0, 0, 0, 0, 0]
(1, 1795)	[0.0, 0, 0, 0, 0]
(1, 3419)	[0.0, 0, 0, 0, 0]
(1, 2665)	[0.0, 0, 0, 0, 0]
(1, 3349)	[0.0, 0, 0, 0, 0]
(1, 2375)	[0.0, 0, 0, 0, 0]
(1, 1190)	[0.0, 0, 0, 0, 0]
(1, 2321)	[0.0, 0, 0, 0, 0]
(1, 2001)	[0.0, 0, 0, 0, 0]
(1, 2147)	[0.0, 0, 0, 0, 0]
(1, 3715)	[0.0, 0, 0, 0, 0]
(1, 3443)	[0.0, 0, 0, 0, 0]
(1, 1145)	[0.0, 0, 0, 0, 0]
(1, 3059)	[0.0, 0, 0, 0, 0]
(1, 3160)	[0.0, 0, 0, 0, 0]
(1, 1959)	[0.0, 0, 0, 0, 0]
(1, 2890)	[0.0, 0, 0, 0, 0]
(1, 888)	[0.0, 0, 0, 0, 0]
(1, 3781)	[0.0, 0, 0, 0, 0]
(1, 87)	[1.0, 0, 0, 0, 0]
(1, 1841)	[0.0, 0, 0, 0, 0]
(1, 2373)	[0.0, 0, 0, 0, 0]
(1, 3178)	[0.0, 0, 0, 0, 0]
(1, 811)	[0.0, 0, 0, 0, 0]
(1, 151)	[1.0, 0, 0, 0, 0]
(1, 1316)	[0.0, 0, 0, 0, 0]
(1, 2969)	[0.0, 0, 0, 0, 0]
(1, 919)	[0.0, 0, 0, 0, 0]
(1, 1511)	[0.0, 0, 0, 0, 0]
(1, 1143)	[0.0, 0, 0, 0, 0]
(1, 1099)	[0.0, 0, 0, 0, 0]
(1, 3277)	[0.0, 0, 0, 0, 0]
(1, 968)	[0.0, 0, 0, 0, 0]
(1, 1664)	[0.0, 0, 0, 0, 0]
(1, 1326)	[0.0, 0, 0, 0, 0]
(1, 774)	[0.0, 0, 0, 0, 0]
(1, 2806)	[0.0, 0, 0, 0, 0]
(1, 1287)	[0.0, 0, 0, 0, 0]
(1, 3693)	[0.0, 0, 0, 0, 0]
(1, 76)	[1.0, 0, 0, 0, 0]
(1, 3530)	[0.0, 0, 0, 0, 0]
(1, 2673)	[0.0, 0, 0, 0, 0]
(1, 2510)	[0.0, 0, 0, 0, 0]
(1, 3108)	[0.0, 0, 0, 0, 0]
(1, 2018)	[0.0, 0, 0, 0, 0]
(1, 1146)	[0.0, 0, 0, 0, 0]
(1, 2048)	[0.0, 0, 0, 0, 0]
(1, 2789)	[0.0, 0, 0, 0, 0]
(1, 3584)	[0.0, 0, 0, 0, 0]
(1, 699)	[0.0, 0, 0, 0, 0]
(1, 1339)	[0.0, 0, 0, 0, 0]
(1, 3008)	[0.0, 0, 0, 0, 0]
(1, 1607)	[0.0, 0, 0, 0, 0]
(1, 1409)	[0.0, 0, 0, 0, 0]
(1, 991)	[0.0, 0, 0, 0, 0]
(1, 1317)	[0.0, 0, 0, 0, 0]
(1, 2280)	[0.0, 0, 0, 0, 0]
(1, 2492)	[0.0, 0, 0, 0, 0]
(1, 3461)	[0.0, 0, 0, 0, 0]
(1, 2078)	[0.0, 0, 0, 0, 0]
(1, 1394)	[0.0, 0, 0, 0, 0]
(1, 1945)	[0.0, 0, 0, 0, 0]
(1, 2985)	[0.0, 0, 0, 0, 0]
(1, 890)	[0.0, 0, 0, 0, 0]
(1, 2821)	[0.0, 0, 0, 0, 0]
(1, 3408)	[0.0, 0, 0, 0, 0]
(1, 1072)	[0.0, 0, 0, 0, 0]
(1, 3744)	[0.0, 0, 0, 0, 0]
(1, 1301)	[0.0, 0, 0, 0, 0]
(1, 217)	[1.0, 0, 0, 0, 0]
(1, 2235)	[0.0, 0, 0, 0, 0]
(1, 830)	[0.0, 0, 0, 0, 0]
(1, 3594)	[0.0, 0, 0, 0, 0]
(1, 1493)	[0.0, 0, 0, 0, 0]
(1, 958)	[0.0, 0, 0, 0, 0]
(1, 870)	[0.0, 0, 0, 0, 0]
(1, 2961)	[0.0, 0, 0, 0, 0]
(1, 798)	[0.0, 0, 0, 0, 0]
(1, 1701)	[0.0, 0, 0, 0, 0]
(1, 3592)	[0.0, 0, 0, 0, 0]
(1, 2516)	[0.0, 0, 0, 0, 0]
(1, 827)	[0.0, 0, 0, 0, 0]
(1, 1307)	[0.0, 0, 0, 0, 0]
(1, 2233)	[0.0, 0, 0, 0, 0]
(1, 650)	[0.0, 0, 0, 0, 0]
(1, 966)	[0.0, 0, 0, 0, 0]
(1, 79)	[1.0, 0, 0, 0, 0]
(1, 1861)	[0.0, 0, 0, 0, 0]
(1, 3042)	[0.0, 0, 0, 0, 0]
(1, 928)	[0.0, 0, 0, 0, 0]
(1, 1867)	[0.0, 0, 0, 0, 0]
(1, 2621)	[0.0, 0, 0, 0, 0]
(1, 2436)	[0.0, 0, 0, 0, 0]
(1, 1157)	[0.0, 0, 0, 0, 0]
(1, 3651)	[0.0, 0, 0, 0, 0]
(1, 3239)	[0.0, 0, 0, 0, 0]
(1, 904)	[0.0, 0, 0, 0, 0]
(1, 2934)	[0.0, 0, 0, 0, 0]
(1, 3156)	[0.0, 0, 0, 0, 0]
(1, 3100)	[0.0, 0, 0, 0, 0]
(1, 1719)	[0.0, 0, 0, 0, 0]
(1, 1277)	[0.0, 0, 0, 0, 0]
(1, 2932)	[0.0, 0, 0, 0, 0]
(1, 2369)	[0.0, 0, 0, 0, 0]
(1, 1595)	[0.0, 0, 0, 0, 0]
(1, 1877)	[0.0, 0, 0, 0, 0]
(1, 2681)	[0.0, 0, 0, 0, 0]
(1, 1907)	[0.0, 0, 0, 0, 0]
(1, 1085)	[0.0, 0, 0, 0, 0]
(1, 1367)	[0.0, 0, 0, 0, 0]
(1, 3421)	[0.0, 0, 0, 0, 0]
(1, 2093)	[0.0, 0, 0, 0, 0]
(1, 2387)	[0.0, 0, 0, 0, 0]
(1, 1715)	[0.0, 0, 0, 0, 0]
(1, 3479)	[0.0, 0, 0, 0, 0]
(1, 2395)	[0.0, 0, 0, 0, 0]
(1, 853)	[0.0, 0, 0, 0, 0]
(1, 1006)	[0.0, 0, 0, 0, 0]
(1, 2190)	[0.0, 0, 0, 0, 0]
(1, 3162)	[0.0, 0, 0, 0, 0]
(1, 2343)	[0.0, 0, 0, 0, 0]
(1, 2578)	[0.0, 0, 0, 0, 0]
(1, 2345)	[0.0, 0, 0, 0, 0]
(1, 1131)	[0.0, 0, 0, 0, 0]
(1, 2899)	[0.0, 0, 0, 0, 0]
(1, 3343)	[0.0, 0, 0, 0, 0]
(1, 2894)	[0.0, 0, 0, 0, 0]
(1, 921)	[0.0, 0, 0, 0, 0]
(1, 941)	[0.0, 0, 0, 0, 0]
(1, 3499)	[0.0, 0, 0, 0, 0]
(1, 1655)	[0.0, 0, 0, 0, 0]
(1, 3040)	[0.0, 0, 0, 0, 0]
(1, 2886)	[0.0, 0, 0, 0, 0]
(1, 1909)	[0.0, 0, 0, 0, 0]
(1, 720)	[0.0, 0, 0, 0, 0]
(1, 2464)	[0.0, 0, 0, 0, 0]
(1, 1114)	[0.0, 0, 0, 0, 0]
(1, 2251)	[0.0, 0, 0, 0, 0]
(1, 1379)	[0.0, 0, 0, 0, 0]
(1, 1773)	[0.0, 0, 0, 0, 0]
(1, 3054)	[0.0, 0, 0, 0, 0]
(1, 3429)	[0.0, 0, 0, 0, 0]
(1, 3671)	[0.0, 0, 0, 0, 0]
(1, 823)	[0.0, 0, 0, 0, 0]
(1, 2008)	[0.0, 0, 0, 0, 0]
(1, 1104)	[0.0, 0, 0, 0, 0]
(1, 3634)	[0.0, 0, 0, 0, 0]
(1, 219)	[1.0, 0, 0, 0, 0]
(1, 1534)	[0.0, 0, 0, 0, 0]
(1, 646)	[0.0, 0, 0, 0, 0]
(1, 15)	[1.0, 0, 0, 0, 0]
(1, 2076)	[0.0, 0, 0, 0, 0]
(1, 834)	[0.0, 0, 0, 0, 0]
(1, 2502)	[0.0, 0, 0, 0, 0]
(1, 1847)	[0.0, 0, 0, 0, 0]
(1, 681)	[0.0, 0, 0, 0, 0]
(1, 3456)	[0.0, 0, 0, 0, 0]
(1, 2761)	[0.0, 0, 0, 0, 0]
(1, 909)	[0.0, 0, 0, 0, 0]
(1, 737)	[0.0, 0, 0, 0, 0]
(1, 816)	[0.0, 0, 0, 0, 0]
(1, 1823)	[0.0, 0, 0, 0, 0]
(1, 1000)	[0.0, 0, 0, 0, 0]
(1, 2675)	[0.0, 0, 0, 0, 0]
(1, 55)	[1.0, 0, 0, 0, 0]
(1, 1775)	[0.0, 0, 0, 0, 0]
(1, 1107)	[0.0, 0, 0, 0, 0]
(1, 1249)	[0.0, 0, 0, 0, 0]
(1, 3281)	[0.0, 0, 0, 0, 0]
(1, 734)	[0.0, 0, 0, 0, 0]
(1, 3271)	[0.0, 0, 0, 0, 0]
(1, 754)	[0.0, 0, 0, 0, 0]
(1, 1278)	[0.0, 0, 0, 0, 0]
(1, 2526)	[0.0, 0, 0, 0, 0]
(1, 727)	[0.0, 0, 0, 0, 0]
(1, 2679)	[0.0, 0, 0, 0, 0]
(1, 859)	[0.0, 0, 0, 0, 0]
(1, 1677)	[0.0, 0, 0, 0, 0]
(1, 2044)	[0.0, 0, 0, 0, 0]
(1, 171)	[1.0, 0, 0, 0, 0]
(1, 2245)	[0.0, 0, 0, 0, 0]
(1, 634)	[0.0, 0, 0, 0, 0]
(1, 1851)	[0.0, 0, 0, 0, 0]
(1, 229)	[1.0, 0, 0, 0, 0]
(1, 2571)	[0.0, 0, 0, 0, 0]
(1, 2878)	[0.0, 0, 0, 0, 0]
(1, 1629)	[0.0, 0, 0, 0, 0]
(1, 3477)	[0.0, 0, 0, 0, 0]
(1, 2506)	[0.0, 0, 0, 0, 0]
(1, 3315)	[0.0, 0, 0, 0, 0]
(1, 1703)	[0.0, 0, 0, 0, 0]
(1, 1441)	[0.0, 0, 0, 0, 0]
(1, 3075)	[0.0, 0, 0, 0, 0]
(1, 2135)	[0.0, 0, 0, 0, 0]
(1, 2476)	[0.0, 0, 0, 0, 0]
(1, 2897)	[0.0, 0, 0, 0, 0]
(1, 3356)	[0.0, 0, 0, 0, 0]
(1, 1436)	[0.0, 0, 0, 0, 0]
(1, 1382)	[0.0, 0, 0, 0, 0]
(1, 1657)	[0.0, 0, 0, 0, 0]
(1, 1298)	[0.0, 0, 0, 0, 0]
(1, 944)	[0.0, 0, 0, 0, 0]
(1, 2855)	[0.0, 0, 0, 0, 0]
(1, 1562)	[0.0, 0, 0, 0, 0]
(1, 872)	[0.0, 0, 0, 0, 0]
(1, 3481)	[0.0, 0, 0, 0, 0]
(1, 743)	[0.0, 0, 0, 0, 0]
(1, 2371)	[0.0, 0, 0, 0, 0]
(1, 1440)	[0.0, 0, 0, 0, 0]
(1, 2434)	[0.0, 0, 0, 0, 0]
(1, 2561)	[0.0, 0, 0, 0, 0]
(1, 1725)	[0.0, 0, 0, 0, 0]
(1, 1431)	[0.0, 0, 0, 0, 0]
(1, 1165)	[0.0, 0, 0, 0, 0]
(1, 1393)	[0.0, 0, 0, 0, 0]
(1, 3128)	[0.0, 0, 0, 0, 0]
(1, 3124)	[0.0, 0, 0, 0, 0]
(1, 1406)	[0.0, 0, 0, 0, 0]
(1, 144)	[1.0, 0, 0, 0, 0]
(1, 3802)	[0.0, 0, 0, 0, 0]
(1, 24)	[1.0, 0, 0, 0, 0]
(1, 3423)	[0.0, 0, 0, 0, 0]
(1, 756)	[0.0, 0, 0, 0, 0]
(1, 3697)	[0.0, 0, 0, 0, 0]
(1, 2261)	[0.0, 0, 0, 0, 0]
(1, 937)	[0.0, 0, 0, 0, 0]
(1, 2253)	[0.0, 0, 0, 0, 0]
(1, 3834)	[0.0, 0, 0, 0, 0]
(1, 1168)	[0.0, 0, 0, 0, 0]
(1, 2153)	[0.0, 0, 0, 0, 0]
(1, 992)	[0.0, 0, 0, 0, 0]
(1, 879)	[0.0, 0, 0, 0, 0]
(1, 1653)	[0.0, 0, 0, 0, 0]
(1, 3719)	[0.0, 0, 0, 0, 0]
(1, 3818)	[0.0, 0, 0, 0, 0]
(1, 924)	[0.0, 0, 0, 0, 0]
(1, 218)	[1.0, 0, 0, 0, 0]
(1, 3836)	[0.0, 0, 0, 0, 0]
(1, 1222)	[0.0, 0, 0, 0, 0]
(1, 3641)	[0.0, 0, 0, 0, 0]
(1, 1494)	[0.0, 0, 0, 0, 0]
(1, 80)	[1.0, 0, 0, 0, 0]
(1, 3014)	[0.0, 0, 0, 0, 0]
(1, 2716)	[0.0, 0, 0, 0, 0]
(1, 3655)	[0.0, 0, 0, 0, 0]
(1, 1395)	[0.0, 0, 0, 0, 0]
(1, 882)	[0.0, 0, 0, 0, 0]
(1, 2137)	[0.0, 0, 0, 0, 0]
(1, 1581)	[0.0, 0, 0, 0, 0]
(1, 1787)	[0.0, 0, 0, 0, 0]
(1, 649)	[0.0, 0, 0, 0, 0]
(1, 2478)	[0.0, 0, 0, 0, 0]
(1, 915)	[0.0, 0, 0, 0, 0]
(1, 3659)	[0.0, 0, 0, 0, 0]
(1, 2708)	[0.0, 0, 0, 0, 0]
(1, 2593)	[0.0, 0, 0, 0, 0]
(1, 2661)	[0.0, 0, 0, 0, 0]
(1, 2698)	[0.0, 0, 0, 0, 0]
(1, 2271)	[0.0, 0, 0, 0, 0]
(1, 3229)	[0.0, 0, 0, 0, 0]
(1, 993)	[0.0, 0, 0, 0, 0]
(1, 473)	[1.0, 0, 0, 0, 0]
(1, 3552)	[0.0, 0, 0, 0, 0]
(1, 3532)	[0.0, 0, 0, 0, 0]
(1, 837)	[0.0, 0, 0, 0, 0]
(1, 1584)	[0.0, 0, 0, 0, 0]
(1, 2082)	[0.0, 0, 0, 0, 0]
(1, 2257)	[0.0, 0, 0, 0, 0]
(1, 1627)	[0.0, 0, 0, 0, 0]
(1, 2414)	[0.0, 0, 0, 0, 0]
(1, 1951)	[0.0, 0, 0, 0, 0]
(1, 1921)	[0.0, 0, 0, 0, 0]
(1, 3126)	[0.0, 0, 0, 0, 0]
(1, 1192)	[0.0, 0, 0, 0, 0]
(1, 3427)	[0.0, 0, 0, 0, 0]
(1, 2559)	[0.0, 0, 0, 0, 0]
(1, 3453)	[0.0, 0, 0, 0, 0]
(1, 2952)	[0.0, 0, 0, 0, 0]
(1, 3036)	[0.0, 0, 0, 0, 0]
(1, 1304)	[0.0, 0, 0, 0, 0]
(1, 2014)	[0.0, 0, 0, 0, 0]
(1, 974)	[0.0, 0, 0, 0, 0]
(1, 704)	[0.0, 0, 0, 0, 0]
(1, 1430)	[0.0, 0, 0, 0, 0]
(1, 1646)	[0.0, 0, 0, 0, 0]
(1, 2522)	[0.0, 0, 0, 0, 0]
(1, 2603)	[0.0, 0, 0, 0, 0]
(1, 2255)	[0.0, 0, 0, 0, 0]
(1, 2545)	[0.0, 0, 0, 0, 0]
(1, 3742)	[0.0, 0, 0, 0, 0]
(1, 3699)	[0.0, 0, 0, 0, 0]
(1, 796)	[0.0, 0, 0, 0, 0]
(1, 3557)	[0.0, 0, 0, 0, 0]
(1, 686)	[0.0, 0, 0, 0, 0]
(1, 202)	[1.0, 0, 0, 0, 0]
(1, 2641)	[0.0, 0, 0, 0, 0]
(1, 3208)	[0.0, 0, 0, 0, 0]
(1, 3512)	[0.0, 0, 0, 0, 0]
(1, 3071)	[0.0, 0, 0, 0, 0]
(1, 1514)	[0.0, 0, 0, 0, 0]
(1, 1879)	[0.0, 0, 0, 0, 0]
(1, 1166)	[0.0, 0, 0, 0, 0]
(1, 3050)	[0.0, 0, 0, 0, 0]
(1, 1088)	[0.0, 0, 0, 0, 0]
(1, 3264)	[0.0, 0, 0, 0, 0]
(1, 2959)	[0.0, 0, 0, 0, 0]
(1, 3046)	[0.0, 0, 0, 0, 0]
(1, 1987)	[0.0, 0, 0, 0, 0]
(1, 2653)	[0.0, 0, 0, 0, 0]
(1, 1531)	[0.0, 0, 0, 0, 0]
(1, 3810)	[0.0, 0, 0, 0, 0]
(1, 1448)	[0.0, 0, 0, 0, 0]
(1, 2263)	[0.0, 0, 0, 0, 0]
(1, 1346)	[0.0, 0, 0, 0, 0]
(1, 2290)	[0.0, 0, 0, 0, 0]
(1, 669)	[0.0, 0, 0, 0, 0]
(1, 663)	[0.0, 0, 0, 0, 0]
(1, 2363)	[0.0, 0, 0, 0, 0]
(1, 1949)	[0.0, 0, 0, 0, 0]
(1, 92)	[1.0, 0, 0, 0, 0]
(1, 664)	[0.0, 0, 0, 0, 0]
(1, 854)	[0.0, 0, 0, 0, 0]
(1, 3376)	[0.0, 0, 0, 0, 0]
(1, 1095)	[0.0, 0, 0, 0, 0]
(1, 942)	[0.0, 0, 0, 0, 0]
(1, 2649)	[0.0, 0, 0, 0, 0]
(1, 1071)	[0.0, 0, 0, 0, 0]
(1, 1669)	[0.0, 0, 0, 0, 0]
(1, 2607)	[0.0, 0, 0, 0, 0]
(1, 926)	[0.0, 0, 0, 0, 0]
(1, 324)	[1.0, 0, 0, 0, 0]
(1, 1605)	[0.0, 0, 0, 0, 0]
(1, 3606)	[0.0, 0, 0, 0, 0]
(1, 970)	[0.0, 0, 0, 0, 0]
(1, 2016)	[0.0, 0, 0, 0, 0]
(1, 2229)	[0.0, 0, 0, 0, 0]
(1, 721)	[0.0, 0, 0, 0, 0]
(1, 693)	[0.0, 0, 0, 0, 0]
(1, 1148)	[0.0, 0, 0, 0, 0]
(1, 1154)	[0.0, 0, 0, 0, 0]
(1, 996)	[0.0, 0, 0, 0, 0]
(1, 1302)	[0.0, 0, 0, 0, 0]
(1, 964)	[0.0, 0, 0, 0, 0]
(1, 194)	[1.0, 0, 0, 0, 0]
(1, 203)	[1.0, 0, 0, 0, 0]
(1, 2563)	[0.0, 0, 0, 0, 0]
(1, 1709)	[0.0, 0, 0, 0, 0]
(1, 846)	[0.0, 0, 0, 0, 0]
(1, 2802)	[0.0, 0, 0, 0, 0]
(1, 1688)	[0.0, 0, 0, 0, 0]
(1, 1579)	[0.0, 0, 0, 0, 0]
(1, 2036)	[0.0, 0, 0, 0, 0]
(1, 67)	[1.0, 0, 0, 0, 0]
(1, 636)	[0.0, 0, 0, 0, 0]
(1, 2940)	[0.0, 0, 0, 0, 0]
(1, 1825)	[0.0, 0, 0, 0, 0]
(1, 1853)	[0.0, 0, 0, 0, 0]
(1, 157)	[1.0, 0, 0, 0, 0]
(1, 2155)	[0.0, 0, 0, 0, 0]
(1, 1925)	[0.0, 0, 0, 0, 0]
(1, 670)	[0.0, 0, 0, 0, 0]
(1, 3038)	[0.0, 0, 0, 0, 0]
(1, 967)	[0.0, 0, 0, 0, 0]
(1, 3006)	[0.0, 0, 0, 0, 0]
(1, 3571)	[0.0, 0, 0, 0, 0]
(1, 959)	[0.0, 0, 0, 0, 0]
(1, 1993)	[0.0, 0, 0, 0, 0]
(1, 1723)	[0.0, 0, 0, 0, 0]
(1, 3467)	[0.0, 0, 0, 0, 0]
(1, 930)	[0.0, 0, 0, 0, 0]
(1, 1432)	[0.0, 0, 0, 0, 0]
(1, 2474)	[0.0, 0, 0, 0, 0]
(1, 1069)	[0.0, 0, 0, 0, 0]
(1, 2111)	[0.0, 0, 0, 0, 0]
(1, 2241)	[0.0, 0, 0, 0, 0]
(1, 1468)	[0.0, 0, 0, 0, 0]
(1, 1480)	[0.0, 0, 0, 0, 0]
(1, 83)	[1.0, 0, 0, 0, 0]
(1, 1270)	[0.0, 0, 0, 0, 0]
(1, 3298)	[0.0, 0, 0, 0, 0]
(1, 1065)	[0.0, 0, 0, 0, 0]
(1, 1690)	[0.0, 0, 0, 0, 0]
(1, 1667)	[0.0, 0, 0, 0, 0]
(1, 2791)	[0.0, 0, 0, 0, 0]
(1, 1229)	[0.0, 0, 0, 0, 0]
(1, 1331)	[0.0, 0, 0, 0, 0]
(1, 2647)	[0.0, 0, 0, 0, 0]
(1, 3673)	[0.0, 0, 0, 0, 0]
(1, 1381)	[0.0, 0, 0, 0, 0]
(1, 679)	[0.0, 0, 0, 0, 0]
(1, 729)	[0.0, 0, 0, 0, 0]
(1, 1737)	[0.0, 0, 0, 0, 0]
(1, 1227)	[0.0, 0, 0, 0, 0]
(1, 1094)	[0.0, 0, 0, 0, 0]
(1, 2399)	[0.0, 0, 0, 0, 0]
(1, 1228)	[0.0, 0, 0, 0, 0]
(1, 3681)	[0.0, 0, 0, 0, 0]
(1, 3304)	[0.0, 0, 0, 0, 0]
(1, 63)	[1.0, 0, 0, 0, 0]
(1, 1587)	[0.0, 0, 0, 0, 0]
(1, 1163)	[0.0, 0, 0, 0, 0]
(1, 3110)	[0.0, 0, 0, 0, 0]
(1, 1413)	[0.0, 0, 0, 0, 0]
(1, 247)	[1.0, 0, 0, 0, 0]
(1, 3465)	[0.0, 0, 0, 0, 0]
(1, 1442)	[0.0, 0, 0, 0, 0]
(1, 1329)	[0.0, 0, 0, 0, 0]
(1, 199)	[1.0, 0, 0, 0, 0]
(1, 1126)	[0.0, 0, 0, 0, 0]
(1, 3285)	[0.0, 0, 0, 0, 0]
(1, 764)	[0.0, 0, 0, 0, 0]
(1, 3808)	[0.0, 0, 0, 0, 0]
(1, 3471)	[0.0, 0, 0, 0, 0]
(1, 2779)	[0.0, 0, 0, 0, 0]
(1, 3411)	[0.0, 0, 0, 0, 0]
(1, 963)	[0.0, 0, 0, 0, 0]
(1, 876)	[0.0, 0, 0, 0, 0]
(1, 1268)	[0.0, 0, 0, 0, 0]
(1, 2012)	[0.0, 0, 0, 0, 0]
(1, 2833)	[0.0, 0, 0, 0, 0]
(1, 1178)	[0.0, 0, 0, 0, 0]
(1, 1931)	[0.0, 0, 0, 0, 0]
(1, 2601)	[0.0, 0, 0, 0, 0]
(1, 228)	[1.0, 0, 0, 0, 0]
(1, 1821)	[0.0, 0, 0, 0, 0]
(1, 1273)	[0.0, 0, 0, 0, 0]
(1, 1893)	[0.0, 0, 0, 0, 0]
(1, 2637)	[0.0, 0, 0, 0, 0]
(1, 1543)	[0.0, 0, 0, 0, 0]
(1, 2965)	[0.0, 0, 0, 0, 0]
(1, 2429)	[0.0, 0, 0, 0, 0]
(1, 2981)	[0.0, 0, 0, 0, 0]
(1, 1411)	[0.0, 0, 0, 0, 0]
(1, 2385)	[0.0, 0, 0, 0, 0]
(1, 1891)	[0.0, 0, 0, 0, 0]
(1, 1124)	[0.0, 0, 0, 0, 0]
(1, 1239)	[0.0, 0, 0, 0, 0]
(1, 1002)	[0.0, 0, 0, 0, 0]
(1, 1177)	[0.0, 0, 0, 0, 0]
(1, 3331)	[0.0, 0, 0, 0, 0]
(1, 1437)	[0.0, 0, 0, 0, 0]
(1, 677)	[0.0, 0, 0, 0, 0]
(1, 3394)	[0.0, 0, 0, 0, 0]
(1, 878)	[0.0, 0, 0, 0, 0]
(1, 2367)	[0.0, 0, 0, 0, 0]
(1, 692)	[0.0, 0, 0, 0, 0]
(1, 3034)	[0.0, 0, 0, 0, 0]
(1, 1739)	[0.0, 0, 0, 0, 0]
(1, 259)	[1.0, 0, 0, 0, 0]
(1, 953)	[0.0, 0, 0, 0, 0]
(1, 1076)	[0.0, 0, 0, 0, 0]
(1, 637)	[0.0, 0, 0, 0, 0]
(1, 3647)	[0.0, 0, 0, 0, 0]
(1, 225)	[1.0, 0, 0, 0, 0]
(1, 269)	[1.0, 0, 0, 0, 0]
(1, 21)	[1.0, 0, 0, 0, 0]
(1, 319)	[1.0, 0, 0, 0, 0]
(1, 3526)	[0.0, 0, 0, 0, 0]
(1, 3536)	[0.0, 0, 0, 0, 0]
(1, 1344)	[0.0, 0, 0, 0, 0]
(1, 1358)	[0.0, 0, 0, 0, 0]
(1, 110)	[1.0, 0, 0, 0, 0]
(1, 3020)	[0.0, 0, 0, 0, 0]
(1, 1078)	[0.0, 0, 0, 0, 0]
(1, 2710)	[0.0, 0, 0, 0, 0]
(1, 3102)	[0.0, 0, 0, 0, 0]
(1, 962)	[0.0, 0, 0, 0, 0]
(1, 1264)	[0.0, 0, 0, 0, 0]
(1, 3736)	[0.0, 0, 0, 0, 0]
(1, 3063)	[0.0, 0, 0, 0, 0]
(1, 1446)	[0.0, 0, 0, 0, 0]
(1, 2950)	[0.0, 0, 0, 0, 0]
(1, 2857)	[0.0, 0, 0, 0, 0]
(1, 891)	[0.0, 0, 0, 0, 0]
(1, 1452)	[0.0, 0, 0, 0, 0]
(1, 1711)	[0.0, 0, 0, 0, 0]
(1, 1132)	[0.0, 0, 0, 0, 0]
(1, 1969)	[0.0, 0, 0, 0, 0]
(1, 115)	[1.0, 0, 0, 0, 0]
(1, 1237)	[0.0, 0, 0, 0, 0]
(1, 1175)	[0.0, 0, 0, 0, 0]
(1, 1400)	[0.0, 0, 0, 0, 0]
(1, 3287)	[0.0, 0, 0, 0, 0]
(1, 2553)	[0.0, 0, 0, 0, 0]
(1, 1048)	[0.0, 0, 0, 0, 0]
(1, 984)	[0.0, 0, 0, 0, 0]
(1, 2714)	[0.0, 0, 0, 0, 0]
(1, 1040)	[0.0, 0, 0, 0, 0]
(1, 2598)	[0.0, 0, 0, 0, 0]
(1, 1700)	[0.0, 0, 0, 0, 0]
(1, 234)	[1.0, 0, 0, 0, 0]
(1, 1805)	[0.0, 0, 0, 0, 0]
(1, 3319)	[0.0, 0, 0, 0, 0]
(1, 325)	[1.0, 0, 0, 0, 0]
(1, 3327)	[0.0, 0, 0, 0, 0]
(1, 3812)	[0.0, 0, 0, 0, 0]
(1, 638)	[0.0, 0, 0, 0, 0]
(1, 2591)	[0.0, 0, 0, 0, 0]
(1, 211)	[1.0, 0, 0, 0, 0]
(1, 1873)	[0.0, 0, 0, 0, 0]
(1, 2659)	[0.0, 0, 0, 0, 0]
(1, 62)	[1.0, 0, 0, 0, 0]
(1, 1895)	[0.0, 0, 0, 0, 0]
(1, 1083)	[0.0, 0, 0, 0, 0]
(1, 647)	[0.0, 0, 0, 0, 0]
(1, 1510)	[0.0, 0, 0, 0, 0]
(1, 1232)	[0.0, 0, 0, 0, 0]
(1, 1041)	[0.0, 0, 0, 0, 0]
(1, 1459)	[0.0, 0, 0, 0, 0]
(1, 1198)	[0.0, 0, 0, 0, 0]
(1, 3313)	[0.0, 0, 0, 0, 0]
(1, 1515)	[0.0, 0, 0, 0, 0]
(1, 783)	[0.0, 0, 0, 0, 0]
(1, 1507)	[0.0, 0, 0, 0, 0]
(1, 1535)	[0.0, 0, 0, 0, 0]
(1, 1139)	[0.0, 0, 0, 0, 0]
(1, 1502)	[0.0, 0, 0, 0, 0]
(1, 990)	[0.0, 0, 0, 0, 0]
(1, 3550)	[0.0, 0, 0, 0, 0]
(1, 1147)	[0.0, 0, 0, 0, 0]
(1, 1066)	[0.0, 0, 0, 0, 0]
(1, 2589)	[0.0, 0, 0, 0, 0]
(1, 1656)	[0.0, 0, 0, 0, 0]
(1, 806)	[0.0, 0, 0, 0, 0]
(1, 3289)	[0.0, 0, 0, 0, 0]
(1, 3273)	[0.0, 0, 0, 0, 0]
(1, 847)	[0.0, 0, 0, 0, 0]
(1, 2157)	[0.0, 0, 0, 0, 0]
(1, 3166)	[0.0, 0, 0, 0, 0]
(1, 2775)	[0.0, 0, 0, 0, 0]
(1, 1845)	[0.0, 0, 0, 0, 0]
(1, 3449)	[0.0, 0, 0, 0, 0]
(1, 2456)	[0.0, 0, 0, 0, 0]
(1, 3152)	[0.0, 0, 0, 0, 0]
(1, 780)	[0.0, 0, 0, 0, 0]
(1, 3347)	[0.0, 0, 0, 0, 0]
(1, 1347)	[0.0, 0, 0, 0, 0]
(1, 1658)	[0.0, 0, 0, 0, 0]
(1, 917)	[0.0, 0, 0, 0, 0]
(1, 3026)	[0.0, 0, 0, 0, 0]
(1, 1789)	[0.0, 0, 0, 0, 0]
(1, 893)	[0.0, 0, 0, 0, 0]
(1, 1695)	[0.0, 0, 0, 0, 0]
(1, 1496)	[0.0, 0, 0, 0, 0]
(1, 3262)	[0.0, 0, 0, 0, 0]
(1, 934)	[0.0, 0, 0, 0, 0]
(1, 3828)	[0.0, 0, 0, 0, 0]
(1, 1098)	[0.0, 0, 0, 0, 0]
(1, 779)	[0.0, 0, 0, 0, 0]
(1, 2381)	[0.0, 0, 0, 0, 0]
(1, 1082)	[0.0, 0, 0, 0, 0]
(1, 2159)	[0.0, 0, 0, 0, 0]
(1, 2454)	[0.0, 0, 0, 0, 0]
(1, 3069)	[0.0, 0, 0, 0, 0]
(1, 96)	[1.0, 0, 0, 0, 0]
(1, 3018)	[0.0, 0, 0, 0, 0]
(1, 1495)	[0.0, 0, 0, 0, 0]
(1, 1408)	[0.0, 0, 0, 0, 0]
(1, 1121)	[0.0, 0, 0, 0, 0]
(1, 2496)	[0.0, 0, 0, 0, 0]
(1, 3370)	[0.0, 0, 0, 0, 0]
(1, 1451)	[0.0, 0, 0, 0, 0]
(1, 1188)	[0.0, 0, 0, 0, 0]
(1, 2635)	[0.0, 0, 0, 0, 0]
(1, 1336)	[0.0, 0, 0, 0, 0]
(1, 3386)	[0.0, 0, 0, 0, 0]
(1, 3077)	[0.0, 0, 0, 0, 0]
(1, 1985)	[0.0, 0, 0, 0, 0]
(1, 1991)	[0.0, 0, 0, 0, 0]
(1, 1206)	[0.0, 0, 0, 0, 0]
(1, 758)	[0.0, 0, 0, 0, 0]
(1, 101)	[1.0, 0, 0, 0, 0]
(1, 2671)	[0.0, 0, 0, 0, 0]
(1, 3657)	[0.0, 0, 0, 0, 0]
(1, 999)	[0.0, 0, 0, 0, 0]
(1, 2237)	[0.0, 0, 0, 0, 0]
(1, 873)	[0.0, 0, 0, 0, 0]
(1, 3380)	[0.0, 0, 0, 0, 0]
(1, 1735)	[0.0, 0, 0, 0, 0]
(1, 3214)	[0.0, 0, 0, 0, 0]
(1, 868)	[0.0, 0, 0, 0, 0]
(1, 330)	[1.0, 0, 0, 0, 0]
(1, 3523)	[0.0, 0, 0, 0, 0]
(1, 2677)	[0.0, 0, 0, 0, 0]
(1, 1518)	[0.0, 0, 0, 0, 0]
(1, 2995)	[0.0, 0, 0, 0, 0]
(1, 3065)	[0.0, 0, 0, 0, 0]
(1, 2131)	[0.0, 0, 0, 0, 0]
(1, 1064)	[0.0, 0, 0, 0, 0]
(1, 2973)	[0.0, 0, 0, 0, 0]
(1, 48)	[1.0, 0, 0, 0, 0]
(1, 1439)	[0.0, 0, 0, 0, 0]
(1, 8)	[1.0, 0, 0, 0, 0]
(1, 2067)	[0.0, 0, 0, 0, 0]
(1, 1284)	[0.0, 0, 0, 0, 0]
(1, 642)	[0.0, 0, 0, 0, 0]
(1, 2095)	[0.0, 0, 0, 0, 0]
(1, 2335)	[0.0, 0, 0, 0, 0]
(1, 3565)	[0.0, 0, 0, 0, 0]
(1, 1642)	[0.0, 0, 0, 0, 0]
(1, 3216)	[0.0, 0, 0, 0, 0]
(1, 1697)	[0.0, 0, 0, 0, 0]
(1, 1111)	[0.0, 0, 0, 0, 0]
(1, 2901)	[0.0, 0, 0, 0, 0]
(1, 2839)	[0.0, 0, 0, 0, 0]
(1, 2729)	[0.0, 0, 0, 0, 0]
(1, 2944)	[0.0, 0, 0, 0, 0]
(1, 18)	[1.0, 0, 0, 0, 0]
(1, 2534)	[0.0, 0, 0, 0, 0]
(1, 920)	[0.0, 0, 0, 0, 0]
(1, 1173)	[0.0, 0, 0, 0, 0]
(1, 1691)	[0.0, 0, 0, 0, 0]
(1, 2300)	[0.0, 0, 0, 0, 0]
(1, 3254)	[0.0, 0, 0, 0, 0]
(1, 1454)	[0.0, 0, 0, 0, 0]
(1, 65)	[1.0, 0, 0, 0, 0]
(1, 2725)	[0.0, 0, 0, 0, 0]
(1, 1674)	[0.0, 0, 0, 0, 0]
(1, 726)	[0.0, 0, 0, 0, 0]
(1, 2735)	[0.0, 0, 0, 0, 0]
(1, 129)	[1.0, 0, 0, 0, 0]
(1, 1184)	[0.0, 0, 0, 0, 0]
(1, 1281)	[0.0, 0, 0, 0, 0]
(1, 2494)	[0.0, 0, 0, 0, 0]
(1, 3677)	[0.0, 0, 0, 0, 0]
(1, 2809)	[0.0, 0, 0, 0, 0]
(1, 648)	[0.0, 0, 0, 0, 0]
(1, 2815)	[0.0, 0, 0, 0, 0]
(1, 696)	[0.0, 0, 0, 0, 0]
(1, 3627)	[0.0, 0, 0, 0, 0]
(1, 2284)	[0.0, 0, 0, 0, 0]
(1, 1101)	[0.0, 0, 0, 0, 0]
(1, 1290)	[0.0, 0, 0, 0, 0]
(1, 1220)	[0.0, 0, 0, 0, 0]
(1, 1332)	[0.0, 0, 0, 0, 0]
(1, 3306)	[0.0, 0, 0, 0, 0]
(1, 2721)	[0.0, 0, 0, 0, 0]
(1, 3620)	[0.0, 0, 0, 0, 0]
(1, 139)	[1.0, 0, 0, 0, 0]
(1, 1487)	[0.0, 0, 0, 0, 0]
(1, 2813)	[0.0, 0, 0, 0, 0]
(1, 2623)	[0.0, 0, 0, 0, 0]
(1, 1501)	[0.0, 0, 0, 0, 0]
(1, 3067)	[0.0, 0, 0, 0, 0]
(1, 2539)	[0.0, 0, 0, 0, 0]
(1, 1300)	[0.0, 0, 0, 0, 0]
(1, 702)	[0.0, 0, 0, 0, 0]
(1, 1136)	[0.0, 0, 0, 0, 0]
(1, 749)	[0.0, 0, 0, 0, 0]
(1, 1276)	[0.0, 0, 0, 0, 0]
(1, 1537)	[0.0, 0, 0, 0, 0]
(1, 899)	[0.0, 0, 0, 0, 0]
(1, 955)	[0.0, 0, 0, 0, 0]
(1, 28)	[1.0, 0, 0, 0, 0]
(1, 3231)	[0.0, 0, 0, 0, 0]
(1, 1929)	[0.0, 0, 0, 0, 0]
(1, 2851)	[0.0, 0, 0, 0, 0]
(1, 1741)	[0.0, 0, 0, 0, 0]
(1, 2849)	[0.0, 0, 0, 0, 0]
(1, 475)	[1.0, 0, 0, 0, 0]
(1, 3614)	[0.0, 0, 0, 0, 0]
(1, 3390)	[0.0, 0, 0, 0, 0]
(1, 3266)	[0.0, 0, 0, 0, 0]
(1, 1086)	[0.0, 0, 0, 0, 0]
(1, 140)	[1.0, 0, 0, 0, 0]
(1, 753)	[0.0, 0, 0, 0, 0]
(1, 2165)	[0.0, 0, 0, 0, 0]
(1, 2514)	[0.0, 0, 0, 0, 0]
(1, 1685)	[0.0, 0, 0, 0, 0]
(1, 1137)	[0.0, 0, 0, 0, 0]
(1, 2876)	[0.0, 0, 0, 0, 0]
(1, 2167)	[0.0, 0, 0, 0, 0]
(1, 797)	[0.0, 0, 0, 0, 0]
(1, 763)	[0.0, 0, 0, 0, 0]
(1, 1546)	[0.0, 0, 0, 0, 0]
(1, 3796)	[0.0, 0, 0, 0, 0]
(1, 1527)	[0.0, 0, 0, 0, 0]
(1, 1323)	[0.0, 0, 0, 0, 0]
(1, 2163)	[0.0, 0, 0, 0, 0]
(1, 1803)	[0.0, 0, 0, 0, 0]
(1, 255)	[1.0, 0, 0, 0, 0]
(1, 825)	[0.0, 0, 0, 0, 0]
(1, 3368)	[0.0, 0, 0, 0, 0]
(1, 3618)	[0.0, 0, 0, 0, 0]
(1, 792)	[0.0, 0, 0, 0, 0]
(1, 2798)	[0.0, 0, 0, 0, 0]
(1, 3309)	[0.0, 0, 0, 0, 0]
(1, 318)	[1.0, 0, 0, 0, 0]
(1, 3665)	[0.0, 0, 0, 0, 0]
(1, 3130)	[0.0, 0, 0, 0, 0]
(1, 1679)	[0.0, 0, 0, 0, 0]
(1, 1901)	[0.0, 0, 0, 0, 0]
(1, 1508)	[0.0, 0, 0, 0, 0]
(1, 3048)	[0.0, 0, 0, 0, 0]
(1, 1314)	[0.0, 0, 0, 0, 0]
(1, 2574)	[0.0, 0, 0, 0, 0]
(1, 3132)	[0.0, 0, 0, 0, 0]
(1, 3237)	[0.0, 0, 0, 0, 0]
(1, 1207)	[0.0, 0, 0, 0, 0]
(1, 2971)	[0.0, 0, 0, 0, 0]
(1, 1378)	[0.0, 0, 0, 0, 0]
(1, 1180)	[0.0, 0, 0, 0, 0]
(1, 913)	[0.0, 0, 0, 0, 0]
(1, 1445)	[0.0, 0, 0, 0, 0]
(1, 1635)	[0.0, 0, 0, 0, 0]
(1, 3002)	[0.0, 0, 0, 0, 0]
(1, 1967)	[0.0, 0, 0, 0, 0]
(1, 3245)	[0.0, 0, 0, 0, 0]
(1, 1256)	[0.0, 0, 0, 0, 0]
(1, 1054)	[0.0, 0, 0, 0, 0]
(1, 701)	[0.0, 0, 0, 0, 0]
(1, 2643)	[0.0, 0, 0, 0, 0]
(1, 1659)	[0.0, 0, 0, 0, 0]
(1, 1070)	[0.0, 0, 0, 0, 0]
(1, 1692)	[0.0, 0, 0, 0, 0]
(1, 838)	[0.0, 0, 0, 0, 0]
(1, 1955)	[0.0, 0, 0, 0, 0]
(1, 694)	[0.0, 0, 0, 0, 0]
(1, 735)	[0.0, 0, 0, 0, 0]
(1, 1246)	[0.0, 0, 0, 0, 0]
(1, 2829)	[0.0, 0, 0, 0, 0]
(1, 1939)	[0.0, 0, 0, 0, 0]
(1, 1343)	[0.0, 0, 0, 0, 0]
(1, 784)	[0.0, 0, 0, 0, 0]
(1, 2645)	[0.0, 0, 0, 0, 0]
(1, 263)	[1.0, 0, 0, 0, 0]
(1, 1869)	[0.0, 0, 0, 0, 0]
(1, 1183)	[0.0, 0, 0, 0, 0]
(1, 1176)	[0.0, 0, 0, 0, 0]
(1, 2442)	[0.0, 0, 0, 0, 0]
(1, 1859)	[0.0, 0, 0, 0, 0]
(1, 3458)	[0.0, 0, 0, 0, 0]
(1, 2755)	[0.0, 0, 0, 0, 0]
(1, 3024)	[0.0, 0, 0, 0, 0]
(1, 3814)	[0.0, 0, 0, 0, 0]
(1, 2275)	[0.0, 0, 0, 0, 0]
(1, 1209)	[0.0, 0, 0, 0, 0]
(1, 1359)	[0.0, 0, 0, 0, 0]
(1, 1115)	[0.0, 0, 0, 0, 0]
(1, 1238)	[0.0, 0, 0, 0, 0]
(1, 1230)	[0.0, 0, 0, 0, 0]
(1, 1520)	[0.0, 0, 0, 0, 0]
(1, 3517)	[0.0, 0, 0, 0, 0]
(1, 1370)	[0.0, 0, 0, 0, 0]
(1, 3233)	[0.0, 0, 0, 0, 0]
(1, 1899)	[0.0, 0, 0, 0, 0]
(1, 1577)	[0.0, 0, 0, 0, 0]
(1, 1580)	[0.0, 0, 0, 0, 0]
(1, 2169)	[0.0, 0, 0, 0, 0]
(1, 268)	[1.0, 0, 0, 0, 0]
(1, 2010)	[0.0, 0, 0, 0, 0]
(1, 1263)	[0.0, 0, 0, 0, 0]
(1, 3768)	[0.0, 0, 0, 0, 0]
(1, 1693)	[0.0, 0, 0, 0, 0]
(1, 1608)	[0.0, 0, 0, 0, 0]
(1, 1051)	[0.0, 0, 0, 0, 0]
(1, 3198)	[0.0, 0, 0, 0, 0]
(1, 1525)	[0.0, 0, 0, 0, 0]
(1, 1639)	[0.0, 0, 0, 0, 0]
(1, 3508)	[0.0, 0, 0, 0, 0]
(1, 814)	[0.0, 0, 0, 0, 0]
(1, 2194)	[0.0, 0, 0, 0, 0]
(1, 2963)	[0.0, 0, 0, 0, 0]
(1, 2841)	[0.0, 0, 0, 0, 0]
(1, 2823)	[0.0, 0, 0, 0, 0]
(1, 3362)	[0.0, 0, 0, 0, 0]
(1, 3210)	[0.0, 0, 0, 0, 0]
(1, 2905)	[0.0, 0, 0, 0, 0]
(1, 1747)	[0.0, 0, 0, 0, 0]
(1, 667)	[0.0, 0, 0, 0, 0]
(1, 1937)	[0.0, 0, 0, 0, 0]
(1, 200)	[1.0, 0, 0, 0, 0]
(1, 3563)	[0.0, 0, 0, 0, 0]
(1, 1351)	[0.0, 0, 0, 0, 0]
(1, 1865)	[0.0, 0, 0, 0, 0]
(1, 1297)	[0.0, 0, 0, 0, 0]
(1, 687)	[0.0, 0, 0, 0, 0]
(1, 1682)	[0.0, 0, 0, 0, 0]
(1, 654)	[0.0, 0, 0, 0, 0]
(1, 267)	[1.0, 0, 0, 0, 0]
(1, 770)	[0.0, 0, 0, 0, 0]
(1, 3114)	[0.0, 0, 0, 0, 0]
(1, 1160)	[0.0, 0, 0, 0, 0]
(1, 2225)	[0.0, 0, 0, 0, 0]
(1, 1262)	[0.0, 0, 0, 0, 0]
(1, 3643)	[0.0, 0, 0, 0, 0]
(1, 3463)	[0.0, 0, 0, 0, 0]
(1, 3725)	[0.0, 0, 0, 0, 0]
(1, 2987)	[0.0, 0, 0, 0, 0]
(1, 1473)	[0.0, 0, 0, 0, 0]
(1, 674)	[0.0, 0, 0, 0, 0]
(1, 1819)	[0.0, 0, 0, 0, 0]
(1, 3669)	[0.0, 0, 0, 0, 0]
(1, 1250)	[0.0, 0, 0, 0, 0]
(1, 2054)	[0.0, 0, 0, 0, 0]
(1, 2892)	[0.0, 0, 0, 0, 0]
(1, 1396)	[0.0, 0, 0, 0, 0]
(1, 2639)	[0.0, 0, 0, 0, 0]
(1, 2804)	[0.0, 0, 0, 0, 0]
(1, 804)	[0.0, 0, 0, 0, 0]
(1, 2277)	[0.0, 0, 0, 0, 0]
(1, 2723)	[0.0, 0, 0, 0, 0]
(1, 2391)	[0.0, 0, 0, 0, 0]
(1, 1490)	[0.0, 0, 0, 0, 0]
(1, 1291)	[0.0, 0, 0, 0, 0]
(1, 1321)	[0.0, 0, 0, 0, 0]
(1, 1759)	[0.0, 0, 0, 0, 0]
(1, 41)	[1.0, 0, 0, 0, 0]
(1, 1215)	[0.0, 0, 0, 0, 0]
(1, 226)	[1.0, 0, 0, 0, 0]
(1, 1296)	[0.0, 0, 0, 0, 0]
(1, 698)	[0.0, 0, 0, 0, 0]
(1, 2259)	[0.0, 0, 0, 0, 0]
(1, 1500)	[0.0, 0, 0, 0, 0]
(1, 1485)	[0.0, 0, 0, 0, 0]
(1, 1897)	[0.0, 0, 0, 0, 0]
(1, 1374)	[0.0, 0, 0, 0, 0]
(1, 809)	[0.0, 0, 0, 0, 0]
(1, 1827)	[0.0, 0, 0, 0, 0]
(1, 143)	[1.0, 0, 0, 0, 0]
(1, 3596)	[0.0, 0, 0, 0, 0]
(1, 3358)	[0.0, 0, 0, 0, 0]
(1, 2069)	[0.0, 0, 0, 0, 0]
(1, 3703)	[0.0, 0, 0, 0, 0]
(1, 3756)	[0.0, 0, 0, 0, 0]
(1, 3004)	[0.0, 0, 0, 0, 0]
(1, 1267)	[0.0, 0, 0, 0, 0]
(1, 3140)	[0.0, 0, 0, 0, 0]
(1, 1319)	[0.0, 0, 0, 0, 0]
(1, 3095)	[0.0, 0, 0, 0, 0]
(1, 1356)	[0.0, 0, 0, 0, 0]
(1, 3104)	[0.0, 0, 0, 0, 0]
(1, 321)	[1.0, 0, 0, 0, 0]
(1, 3788)	[0.0, 0, 0, 0, 0]
(1, 898)	[0.0, 0, 0, 0, 0]
(1, 3546)	[0.0, 0, 0, 0, 0]
(1, 1662)	[0.0, 0, 0, 0, 0]
(1, 2182)	[0.0, 0, 0, 0, 0]
(1, 2712)	[0.0, 0, 0, 0, 0]
(1, 865)	[0.0, 0, 0, 0, 0]
(1, 662)	[0.0, 0, 0, 0, 0]
(1, 1589)	[0.0, 0, 0, 0, 0]
(1, 1164)	[0.0, 0, 0, 0, 0]
(1, 2462)	[0.0, 0, 0, 0, 0]
(1, 56)	[1.0, 0, 0, 0, 0]
(1, 1651)	[0.0, 0, 0, 0, 0]
(1, 730)	[0.0, 0, 0, 0, 0]
(1, 2080)	[0.0, 0, 0, 0, 0]
(1, 1849)	[0.0, 0, 0, 0, 0]
(1, 2306)	[0.0, 0, 0, 0, 0]
(1, 1492)	[0.0, 0, 0, 0, 0]
(1, 1455)	[0.0, 0, 0, 0, 0]
(1, 1257)	[0.0, 0, 0, 0, 0]
(1, 1614)	[0.0, 0, 0, 0, 0]
(1, 869)	[0.0, 0, 0, 0, 0]
(1, 2410)	[0.0, 0, 0, 0, 0]
(1, 2127)	[0.0, 0, 0, 0, 0]
(1, 131)	[1.0, 0, 0, 0, 0]
(1, 1294)	[0.0, 0, 0, 0, 0]
(1, 777)	[0.0, 0, 0, 0, 0]
(1, 3012)	[0.0, 0, 0, 0, 0]
(1, 3569)	[0.0, 0, 0, 0, 0]
(1, 2470)	[0.0, 0, 0, 0, 0]
(1, 1108)	[0.0, 0, 0, 0, 0]
(1, 983)	[0.0, 0, 0, 0, 0]
(1, 1274)	[0.0, 0, 0, 0, 0]
(1, 3689)	[0.0, 0, 0, 0, 0]
(1, 695)	[0.0, 0, 0, 0, 0]
(1, 2267)	[0.0, 0, 0, 0, 0]
(1, 45)	[1.0, 0, 0, 0, 0]
(1, 1763)	[0.0, 0, 0, 0, 0]
(1, 3687)	[0.0, 0, 0, 0, 0]
(1, 1091)	[0.0, 0, 0, 0, 0]
(1, 2401)	[0.0, 0, 0, 0, 0]
(1, 2868)	[0.0, 0, 0, 0, 0]
(1, 722)	[0.0, 0, 0, 0, 0]
(1, 1881)	[0.0, 0, 0, 0, 0]
(1, 2084)	[0.0, 0, 0, 0, 0]
(1, 824)	[0.0, 0, 0, 0, 0]
(1, 1481)	[0.0, 0, 0, 0, 0]
(1, 3519)	[0.0, 0, 0, 0, 0]
(1, 845)	[0.0, 0, 0, 0, 0]
(1, 3705)	[0.0, 0, 0, 0, 0]
(1, 1134)	[0.0, 0, 0, 0, 0]
(1, 1195)	[0.0, 0, 0, 0, 0]
(1, 931)	[0.0, 0, 0, 0, 0]
(1, 2541)	[0.0, 0, 0, 0, 0]
(1, 1751)	[0.0, 0, 0, 0, 0]
(1, 1979)	[0.0, 0, 0, 0, 0]
(1, 2741)	[0.0, 0, 0, 0, 0]
(1, 2490)	[0.0, 0, 0, 0, 0]
(1, 1771)	[0.0, 0, 0, 0, 0]
(1, 2412)	[0.0, 0, 0, 0, 0]
(1, 3758)	[0.0, 0, 0, 0, 0]
(1, 1811)	[0.0, 0, 0, 0, 0]
(1, 1863)	[0.0, 0, 0, 0, 0]
(1, 3294)	[0.0, 0, 0, 0, 0]
(1, 2221)	[0.0, 0, 0, 0, 0]
(1, 2486)	[0.0, 0, 0, 0, 0]
(1, 3794)	[0.0, 0, 0, 0, 0]
(1, 1686)	[0.0, 0, 0, 0, 0]
(1, 168)	[1.0, 0, 0, 0, 0]
(1, 1295)	[0.0, 0, 0, 0, 0]
(1, 2319)	[0.0, 0, 0, 0, 0]
(1, 1102)	[0.0, 0, 0, 0, 0]
(1, 3174)	[0.0, 0, 0, 0, 0]
(1, 2532)	[0.0, 0, 0, 0, 0]
(1, 2161)	[0.0, 0, 0, 0, 0]
(1, 3707)	[0.0, 0, 0, 0, 0]
(1, 3598)	[0.0, 0, 0, 0, 0]
(1, 2296)	[0.0, 0, 0, 0, 0]
(1, 206)	[1.0, 0, 0, 0, 0]
(1, 972)	[0.0, 0, 0, 0, 0]
(1, 1320)	[0.0, 0, 0, 0, 0]
(1, 3776)	[0.0, 0, 0, 0, 0]
(1, 2223)	[0.0, 0, 0, 0, 0]
(1, 933)	[0.0, 0, 0, 0, 0]
(1, 2444)	[0.0, 0, 0, 0, 0]
(1, 3204)	[0.0, 0, 0, 0, 0]
(1, 128)	[1.0, 0, 0, 0, 0]
(1, 322)	[1.0, 0, 0, 0, 0]
(1, 1563)	[0.0, 0, 0, 0, 0]
(1, 1875)	[0.0, 0, 0, 0, 0]
(1, 1721)	[0.0, 0, 0, 0, 0]
(1, 130)	[1.0, 0, 0, 0, 0]
(1, 1196)	[0.0, 0, 0, 0, 0]
(1, 757)	[0.0, 0, 0, 0, 0]
(1, 12)	[1.0, 0, 0, 0, 0]
(1, 1645)	[0.0, 0, 0, 0, 0]
(1, 2243)	[0.0, 0, 0, 0, 0]
(1, 752)	[0.0, 0, 0, 0, 0]
(1, 3637)	[0.0, 0, 0, 0, 0]
(1, 100)	[1.0, 0, 0, 0, 0]
(1, 3221)	[0.0, 0, 0, 0, 0]
(1, 3491)	[0.0, 0, 0, 0, 0]
(1, 1544)	[0.0, 0, 0, 0, 0]
(1, 2777)	[0.0, 0, 0, 0, 0]
(1, 911)	[0.0, 0, 0, 0, 0]
(1, 2690)	[0.0, 0, 0, 0, 0]
(1, 2926)	[0.0, 0, 0, 0, 0]
(1, 3610)	[0.0, 0, 0, 0, 0]
(1, 3311)	[0.0, 0, 0, 0, 0]
(1, 1039)	[0.0, 0, 0, 0, 0]
(1, 2498)	[0.0, 0, 0, 0, 0]
(1, 1123)	[0.0, 0, 0, 0, 0]
(1, 988)	[0.0, 0, 0, 0, 0]
(1, 2655)	[0.0, 0, 0, 0, 0]
(1, 3061)	[0.0, 0, 0, 0, 0]
(1, 3554)	[0.0, 0, 0, 0, 0]
(1, 1687)	[0.0, 0, 0, 0, 0]
(1, 1080)	[0.0, 0, 0, 0, 0]
(1, 1053)	[0.0, 0, 0, 0, 0]
(1, 1698)	[0.0, 0, 0, 0, 0]
(1, 3010)	[0.0, 0, 0, 0, 0]
(1, 1799)	[0.0, 0, 0, 0, 0]
(1, 832)	[0.0, 0, 0, 0, 0]
(1, 1630)	[0.0, 0, 0, 0, 0]
(1, 1757)	[0.0, 0, 0, 0, 0]
(1, 2480)	[0.0, 0, 0, 0, 0]
(1, 2977)	[0.0, 0, 0, 0, 0]
(1, 39)	[1.0, 0, 0, 0, 0]
