1,1,2
1,1,79
1,1,85
1,1,169
1,1,233
1,1,245
1,1,286
1,1,320
1,1,325
1,1,330
1,1,354
356,1,1383
356,1,357
356,1,358
356,1,359
356,1,362
356,1,363
356,1,364
356,1,365
356,1,366
356,1,367
356,1,368
356,1,369
356,1,370
356,1,371
356,1,372
356,1,373
356,1,374
356,1,375
356,1,376
356,1,377
356,1,378
356,1,379
356,1,380
356,1,381
356,1,382
356,1,383
356,1,384
356,1,385
356,1,386
356,1,387
356,1,388
356,1,389
356,1,390
356,1,391
356,1,392
356,1,393
356,1,394
356,1,395
356,1,396
356,1,397
356,1,398
356,1,399
356,1,400
356,1,401
356,1,402
356,1,403
356,1,404
356,1,405
356,1,406
356,1,407
356,1,408
356,1,409
356,1,410
356,1,411
356,1,412
356,1,413
356,1,414
356,1,415
356,1,416
356,1,417
356,1,418
356,1,419
356,1,420
356,1,421
356,1,422
356,1,423
356,1,424
356,1,425
356,1,426
356,1,427
356,1,428
356,1,429
356,1,430
356,1,431
356,1,432
356,1,433
356,1,434
356,1,435
356,1,436
356,1,437
356,1,438
356,1,439
356,1,440
356,1,441
356,1,442
356,1,443
356,1,444
356,1,445
356,1,446
356,1,447
356,1,448
356,1,449
356,1,450
356,1,451
356,1,452
356,1,453
356,1,454
356,1,455
356,1,456
356,1,457
356,1,458
356,1,459
460,1,479
460,1,573
460,1,489
460,1,602
460,1,469
460,1,1566
460,1,563
460,1,1422
460,1,587
460,1,555
460,1,1612
460,1,598
460,1,468
460,1,1602
460,1,1633
460,1,552
460,1,1619
460,1,1680
460,1,1582
460,1,577
460,1,526
460,1,488
460,1,559
460,1,506
460,1,572
460,1,1575
460,1,1632
460,1,586
460,1,1596
460,1,499
460,1,1424
460,1,592
460,1,609
460,1,568
460,1,590
460,1,1384
460,1,539
460,1,1599
460,1,503
460,1,561
460,1,571
460,1,1397
460,1,1561
460,1,1620
460,1,583
460,1,1426
460,1,1585
460,1,540
460,1,593
460,1,509
460,1,582
460,1,576
460,1,1637
460,1,513
460,1,1472
460,1,606
460,1,471
460,1,595
460,1,494
460,1,493
460,1,1416
460,1,1615
460,1,585
460,1,500
460,1,536
460,1,487
460,1,512
460,1,470
460,1,516
460,1,608
460,1,589
460,1,505
460,1,570
460,1,610
460,1,584
460,1,588
460,1,594
460,1,495
460,1,566
460,1,485
460,1,477
460,1,508
460,1,550
460,1,581
460,1,567
460,1,605
460,1,530
460,1,497
460,1,535
460,1,1600
460,1,549
460,1,569
460,1,484
460,1,515
460,1,511
460,1,504
460,1,556
460,1,538
460,1,461
460,1,478
460,1,565
460,1,465
460,1,466
460,1,1420
460,1,1618
460,1,1622
460,1,1621
460,1,1617
460,1,1616
460,1,564
460,1,514
460,1,580
460,1,507
460,1,554
460,1,579
460,1,597
460,1,1573
460,1,527
460,1,541
460,1,544
460,1,525
460,1,1567
460,1,532
460,1,1568
460,1,604
460,1,599
460,1,578
460,1,547
460,1,491
460,1,545
460,1,591
460,1,1419
460,1,529
460,1,1405
460,1,1402
460,1,1403
460,1,1401
460,1,1404
460,1,510
460,1,490
460,1,1574
460,1,1572
460,1,1428
460,1,1425
460,1,553
460,1,502
460,1,492
460,1,562
460,1,1569
460,1,1643
460,1,1387
460,1,1570
460,1,560
460,1,1571
460,1,501
460,1,558
460,1,517
460,1,528
460,1,531
460,1,1592
460,1,601
460,1,1555
460,1,1552
460,1,596
460,1,1560
460,1,1559
460,1,1556
460,1,1557
460,1,1558
460,1,463
460,1,1421
460,1,486
460,1,464
460,1,1427
460,1,476
460,1,462
460,1,1609
460,1,480
460,1,1551
460,1,600
460,1,1640
460,1,496
460,1,551
460,1,1636
460,1,546
460,1,557
460,1,603
460,1,607
460,1,537
460,1,548
460,1,498
460,1,575
460,1,467
460,1,1601
460,1,574
460,1,1623
611,1,3131
611,1,2146
611,1,2146
611,1,2738
611,1,2199
611,1,2398
611,1,3286
611,1,2830
611,1,2664
611,1,3261
611,1,1916
611,1,3020
611,1,2845
611,1,3524
611,1,3332
611,1,2655
611,1,2294
611,1,2797
611,1,3303
611,1,2413
611,1,3161
611,1,2306
611,1,2061
611,1,1958
611,1,3461
611,1,2360
611,1,2419
611,1,2814
611,1,2423
611,1,2090
611,1,3242
611,1,2976
611,1,2183
611,1,3409
611,1,1900
611,1,3395
611,1,1830
611,1,2871
611,1,1973
611,1,2536
611,1,2536
611,1,2920
611,1,1754
611,1,2396
611,1,3513
611,1,2036
611,1,3335
611,1,3373
611,1,3674
611,1,3163
611,1,3066
611,1,2856
611,1,2469
611,1,3074
611,1,3057
611,1,2866
611,1,3455
611,1,2569
611,1,2896
611,1,2066
611,1,3597
611,1,3416
611,1,1924
611,1,3267
611,1,3053
611,1,2451
611,1,2708
611,1,2514
611,1,2364
611,1,3104
611,1,3371
611,1,3076
611,1,2595
611,1,1790
611,1,2022
611,1,2177
611,1,3366
611,1,3501
611,1,2009
611,1,3003
611,1,2382
611,1,3319
611,1,1812
611,1,3434
611,1,3150
611,1,3359
611,1,3494
611,1,3068
611,1,2764
611,1,2042
611,1,3350
611,1,2101
611,1,1979
611,1,3544
611,1,2615
611,1,1834
611,1,2277
611,1,2347
611,1,2347
611,1,2347
611,1,2347
611,1,2347
611,1,2347
611,1,2347
611,1,2347
611,1,2347
611,1,1810
611,1,2149
611,1,1896
611,1,2729
611,1,2298
611,1,2621
611,1,2943
611,1,3631
611,1,2571
611,1,3569
611,1,2230
611,1,2631
611,1,2323
611,1,3509
611,1,3044
611,1,2351
611,1,3123
611,1,2638
611,1,1770
611,1,2018
611,1,2226
611,1,3651
611,1,2341
611,1,2893
611,1,2028
611,1,3470
611,1,2302
611,1,2167
611,1,2745
611,1,2952
611,1,1928
611,1,3090
611,1,1989
611,1,3141
611,1,2171
611,1,2337
611,1,3609
611,1,3352
611,1,3282
611,1,2211
611,1,3401
611,1,3655
611,1,2113
611,1,2050
611,1,3143
611,1,2463
611,1,2392
611,1,3329
611,1,3548
611,1,1750
611,1,3247
611,1,3384
611,1,1758
611,1,1758
611,1,1758
611,1,1758
611,1,1758
611,1,1758
611,1,1758
611,1,1758
611,1,1758
611,1,1758
611,1,1758
611,1,1758
611,1,2691
611,1,3625
611,1,2362
611,1,3171
611,1,3457
611,1,2716
611,1,3175
611,1,1938
611,1,1938
611,1,1802
611,1,1722
611,1,1850
611,1,3259
611,1,2020
611,1,1848
611,1,2187
611,1,3546
611,1,2770
611,1,2349
611,1,1859
611,1,3647
611,1,1742
611,1,3196
611,1,3446
611,1,3313
611,1,3207
611,1,2394
611,1,2983
611,1,3158
611,1,2987
611,1,3280
611,1,2932
611,1,2508
611,1,3219
611,1,2368
611,1,3423
611,1,2372
611,1,2372
611,1,2372
611,1,2372
611,1,2372
611,1,2372
611,1,2372
611,1,3000
611,1,1886
611,1,2339
611,1,630
611,1,2335
611,1,2335
611,1,3537
611,1,2989
611,1,2609
611,1,3617
611,1,1881
611,1,2777
611,1,3403
611,1,2493
611,1,3008
611,1,2833
611,1,2741
611,1,2869
611,1,2082
611,1,1756
611,1,2270
611,1,2666
611,1,3102
611,1,2427
611,1,2123
611,1,1702
611,1,2313
611,1,2117
611,1,2682
611,1,1832
611,1,1774
611,1,2250
611,1,3425
611,1,2087
611,1,2623
611,1,2591
611,1,3488
611,1,2915
611,1,3582
611,1,3405
611,1,1956
611,1,3055
611,1,2974
611,1,3293
611,1,3040
611,1,1967
611,1,2477
611,1,2333
611,1,2860
611,1,2551
611,1,3450
611,1,2710
611,1,2945
611,1,2319
611,1,3048
611,1,3029
611,1,3584
611,1,2754
611,1,2261
611,1,2290
611,1,2290
611,1,2680
611,1,3209
611,1,3626
611,1,3518
611,1,1960
611,1,2308
611,1,2768
611,1,628
611,1,618
611,1,2467
611,1,3265
611,1,2605
611,1,3520
611,1,2720
611,1,2909
611,1,3386
611,1,3121
611,1,3587
611,1,3505
611,1,2057
611,1,2173
611,1,1918
611,1,2611
611,1,2092
611,1,629
611,1,2524
611,1,2175
611,1,3178
611,1,3156
611,1,2648
611,1,2648
611,1,2648
611,1,2315
611,1,2315
611,1,3418
611,1,3348
611,1,3453
611,1,2607
611,1,2380
611,1,1883
611,1,2242
611,1,2947
611,1,2417
611,1,2557
611,1,2557
611,1,2557
611,1,2548
611,1,2549
611,1,2841
611,1,3153
611,1,3038
611,1,1768
611,1,3284
611,1,2873
611,1,2158
611,1,3539
611,1,2240
611,1,2585
611,1,2329
611,1,2837
611,1,2757
611,1,3185
611,1,1814
611,1,1814
611,1,1814
611,1,1814
611,1,3249
611,1,3238
611,1,1738
611,1,2510
611,1,3398
611,1,2068
611,1,623
611,1,2461
611,1,2980
611,1,3561
611,1,2133
611,1,2579
611,1,2766
611,1,2546
611,1,2512
611,1,3553
611,1,3305
611,1,2633
611,1,3159
611,1,3635
611,1,1904
611,1,3432
611,1,3679
611,1,3662
611,1,2903
611,1,2516
611,1,3278
611,1,3125
611,1,3480
611,1,3017
611,1,2781
611,1,3436
611,1,2553
611,1,2216
611,1,3440
611,1,2653
611,1,2795
611,1,2670
611,1,2540
611,1,1806
611,1,2581
611,1,2677
611,1,2074
611,1,3092
611,1,1842
611,1,3118
611,1,2064
611,1,1788
611,1,2331
611,1,3666
611,1,3254
611,1,2958
611,1,2958
611,1,2695
611,1,1778
611,1,3033
611,1,3311
611,1,2924
611,1,3135
611,1,3127
611,1,2659
611,1,3503
611,1,2703
611,1,1822
611,1,3098
611,1,1748
611,1,1748
611,1,1748
611,1,3555
611,1,1952
611,1,1952
611,1,1952
611,1,1952
611,1,1952
611,1,3176
611,1,3321
611,1,3036
611,1,2125
611,1,2386
611,1,2497
611,1,1930
611,1,2044
611,1,1920
611,1,2080
611,1,1922
611,1,2254
611,1,2752
611,1,2076
611,1,2532
611,1,3577
611,1,2954
611,1,3522
611,1,2724
611,1,3288
611,1,2563
611,1,2862
611,1,2153
611,1,2405
611,1,1908
611,1,3133
611,1,1902
611,1,2661
611,1,3023
611,1,3490
611,1,1780
611,1,1780
611,1,1780
611,1,1780
611,1,1780
611,1,1780
611,1,1780
611,1,2949
611,1,1963
611,1,3269
611,1,1726
611,1,3552
611,1,3276
611,1,3448
611,1,2026
611,1,2095
611,1,3607
611,1,1846
611,1,1942
611,1,1932
611,1,1932
611,1,3499
611,1,3110
611,1,2280
611,1,1772
611,1,1772
611,1,1772
611,1,1772
611,1,3006
611,1,3421
611,1,2300
611,1,1714
611,1,3194
611,1,2285
611,1,1969
611,1,3244
611,1,3139
611,1,3339
611,1,2559
611,1,2822
611,1,3429
611,1,1996
611,1,1996
611,1,3589
611,1,3466
611,1,1766
611,1,3213
611,1,1776
611,1,3301
611,1,2169
611,1,622
611,1,2014
611,1,2471
611,1,3149
611,1,2400
611,1,2400
611,1,2400
611,1,2400
611,1,3165
611,1,3668
611,1,3173
611,1,2321
611,1,3369
611,1,1798
611,1,2268
611,1,2542
611,1,2853
611,1,2370
611,1,2040
611,1,1906
611,1,1906
611,1,1906
611,1,1782
611,1,1736
611,1,1736
611,1,1736
611,1,1736
611,1,1736
611,1,1975
611,1,1975
611,1,3273
611,1,1730
611,1,2062
611,1,3233
611,1,2185
611,1,2049
611,1,2049
611,1,2388
611,1,3573
611,1,2195
611,1,2928
611,1,1796
611,1,2366
611,1,3565
611,1,2889
611,1,3557
611,1,1786
611,1,1786
611,1,1786
611,1,1888
611,1,1888
611,1,2657
611,1,3309
611,1,2785
611,1,2374
611,1,3059
611,1,3346
611,1,2835
611,1,1985
611,1,3355
611,1,3337
611,1,1792
611,1,3621
611,1,2038
611,1,3361
611,1,2273
611,1,2583
611,1,2409
611,1,3357
611,1,2629
611,1,3086
611,1,3511
611,1,3391
611,1,3256
611,1,1734
611,1,3388
611,1,3169
611,1,3550
611,1,3681
611,1,2762
611,1,2137
611,1,1867
611,1,1867
611,1,2449
611,1,1708
611,1,2246
611,1,3014
611,1,2378
611,1,2378
611,1,2378
611,1,2421
611,1,2421
611,1,2421
611,1,3393
611,1,2425
611,1,1869
611,1,1869
611,1,1869
611,1,2643
611,1,2248
611,1,2201
611,1,3472
611,1,2898
611,1,2234
611,1,3383
611,1,3015
611,1,3541
611,1,3407
611,1,2197
611,1,3672
611,1,3559
611,1,2103
611,1,617
611,1,620
611,1,3230
611,1,2747
611,1,2747
611,1,2686
611,1,2686
611,1,2105
611,1,2459
611,1,2193
611,1,3613
611,1,3413
611,1,2697
611,1,2097
611,1,3199
611,1,2978
611,1,3660
611,1,2818
611,1,2441
611,1,2288
611,1,2804
611,1,3342
611,1,619
611,1,3061
611,1,1838
611,1,1746
611,1,1746
611,1,1746
611,1,1746
611,1,2415
611,1,2922
611,1,2355
611,1,1994
611,1,2758
611,1,1940
611,1,2555
611,1,1936
611,1,1936
611,1,3027
611,1,2970
611,1,2675
611,1,3640
611,1,1820
611,1,3079
611,1,1965
611,1,1965
611,1,1965
611,1,1965
611,1,1965
611,1,1965
611,1,1965
611,1,1965
611,1,1965
611,1,1965
611,1,3563
611,1,1844
611,1,2209
611,1,1794
611,1,2733
611,1,2457
611,1,3182
611,1,2735
611,1,3327
611,1,1954
611,1,2644
611,1,2475
611,1,2083
611,1,3468
611,1,1704
611,1,2236
611,1,2714
611,1,1877
611,1,2993
611,1,3201
611,1,2016
611,1,1865
611,1,2343
611,1,2121
611,1,2005
611,1,1752
611,1,2327
611,1,2129
611,1,2358
611,1,2538
611,1,3642
611,1,2858
611,1,1840
611,1,2443
611,1,2443
611,1,2443
611,1,2443
611,1,2907
611,1,2907
611,1,2207
611,1,2207
611,1,3445
611,1,3476
611,1,1944
611,1,3498
611,1,3498
611,1,3193
611,1,2111
611,1,2111
611,1,2078
611,1,2613
611,1,2155
611,1,2991
611,1,3443
611,1,2407
611,1,625
611,1,3191
611,1,1934
611,1,2481
611,1,2678
611,1,2881
611,1,3082
611,1,3082
611,1,3082
611,1,2345
611,1,3050
611,1,2401
611,1,3516
611,1,2793
611,1,2673
611,1,3567
611,1,2521
611,1,3530
611,1,621
611,1,3106
611,1,2727
611,1,3484
611,1,2619
611,1,2495
611,1,3210
611,1,3645
611,1,2263
611,1,1998
611,1,1762
611,1,2258
611,1,2544
611,1,2127
611,1,2956
611,1,1898
611,1,2141
611,1,2141
611,1,2141
611,1,2141
611,1,1836
611,1,3187
611,1,3629
611,1,2490
611,1,2883
611,1,2012
611,1,2668
611,1,3593
611,1,3344
611,1,2431
611,1,2689
611,1,2964
611,1,2864
611,1,2985
611,1,2085
611,1,2518
611,1,2109
611,1,2737
611,1,2055
611,1,2055
611,1,2055
611,1,2435
611,1,2435
611,1,2007
611,1,1744
611,1,1744
611,1,1744
611,1,1744
611,1,2030
611,1,3628
611,1,3438
611,1,1818
611,1,2772
611,1,2772
611,1,2772
611,1,2772
611,1,1950
611,1,1950
611,1,1950
611,1,3129
611,1,2806
611,1,3252
611,1,1740
611,1,1740
611,1,3463
611,1,3604
611,1,3377
611,1,3486
611,1,1728
611,1,3326
611,1,2962
611,1,2473
611,1,2353
611,1,2820
611,1,1800
611,1,1894
611,1,2453
611,1,3025
611,1,2901
611,1,2913
611,1,2808
611,1,2259
611,1,3088
611,1,3507
611,1,1760
611,1,2001
611,1,2157
611,1,1946
611,1,2189
611,1,3116
611,1,2530
611,1,3591
611,1,2968
611,1,3580
611,1,2636
611,1,2684
611,1,2587
611,1,2032
611,1,2032
611,1,3615
611,1,3271
611,1,3100
611,1,631
611,1,1712
611,1,1712
611,1,1712
611,1,1712
611,1,1712
611,1,1712
611,1,1712
611,1,2024
611,1,2070
611,1,2934
611,1,2934
611,1,2256
611,1,2256
611,1,2589
611,1,3217
611,1,3492
611,1,2218
611,1,1987
611,1,1804
611,1,1828
611,1,2783
611,1,2287
611,1,2718
611,1,3084
611,1,1914
611,1,2891
611,1,3152
611,1,2151
611,1,1826
611,1,2816
611,1,1977
611,1,2534
611,1,2601
611,1,2220
611,1,2220
611,1,2627
611,1,2939
611,1,3585
611,1,3602
611,1,3108
611,1,2966
611,1,2562
611,1,3375
611,1,2560
611,1,2885
611,1,2072
611,1,2577
611,1,2499
611,1,2135
611,1,3307
611,1,1854
611,1,3228
611,1,2790
611,1,2528
611,1,3245
611,1,1873
611,1,2465
611,1,2779
611,1,2099
611,1,2384
611,1,2593
611,1,2445
611,1,1706
611,1,1706
611,1,2437
611,1,2839
611,1,3482
611,1,2573
611,1,2573
611,1,3400
611,1,3316
611,1,2941
611,1,2575
611,1,2824
611,1,2824
611,1,3677
611,1,2181
611,1,2282
611,1,3112
611,1,3633
611,1,2506
611,1,3297
611,1,1892
611,1,2641
611,1,3574
611,1,3611
611,1,1784
611,1,2705
611,1,2911
611,1,3411
611,1,3290
611,1,2926
611,1,3364
611,1,3063
611,1,3063
611,1,2119
611,1,3147
611,1,2625
611,1,1879
611,1,2877
611,1,3452
611,1,1732
611,1,2429
611,1,1852
611,1,3240
611,1,2699
611,1,2131
611,1,2809
611,1,2275
611,1,2848
611,1,3649
611,1,3459
611,1,1720
611,1,3012
611,1,2179
611,1,2304
611,1,2597
611,1,1910
611,1,624
611,1,3203
611,1,3096
611,1,2565
611,1,2565
611,1,1724
611,1,2455
611,1,2802
611,1,2603
611,1,3532
611,1,2851
611,1,2317
611,1,2059
611,1,3299
611,1,2503
611,1,2503
611,1,3474
611,1,2693
611,1,2843
611,1,3595
611,1,2165
611,1,1871
611,1,1718
611,1,2847
611,1,3637
611,1,2433
611,1,626
611,1,2252
611,1,3089
611,1,3221
611,1,3221
611,1,2115
611,1,2115
611,1,3670
611,1,2722
611,1,2743
611,1,3295
611,1,2731
611,1,2447
611,1,2526
611,1,2162
611,1,3046
611,1,3072
611,1,2774
611,1,1808
611,1,1912
611,1,3002
611,1,2905
611,1,2997
611,1,2501
611,1,2501
611,1,2501
611,1,1875
611,1,3145
611,1,2238
611,1,2479
611,1,2701
611,1,3010
611,1,2972
611,1,3442
611,1,3478
611,1,2224
611,1,2311
611,1,2712
611,1,2828
611,1,2139
611,1,2439
611,1,2439
611,1,2214
611,1,1926
611,1,1926
611,1,1926
611,1,3180
611,1,2750
611,1,2888
611,1,614
611,1,1890
611,1,2826
611,1,2265
611,1,2646
611,1,613
611,1,613
611,1,3263
611,1,3379
611,1,2917
611,1,3528
611,1,3664
611,1,1824
611,1,2390
611,1,2292
611,1,1764
611,1,1981
611,1,2376
611,1,3619
611,1,3094
611,1,612
611,1,2411
611,1,2930
611,1,3042
611,1,2484
611,1,2244
611,1,2599
611,1,1716
611,1,1862
611,1,2799
611,1,3653
611,1,1948
611,1,1948
611,1,627
611,1,3324
611,1,1710
611,1,3534
611,1,3215
611,1,2617
611,1,1971
611,1,616
611,1,3318
611,1,2034
611,1,1983
611,1,2204
611,1,3526
611,1,3205
611,1,3571
611,1,2488
611,1,2787
611,1,2107
611,1,2222
611,1,3381
611,1,1991
611,1,2143
611,1,2960
611,1,2053
611,1,3683
611,1,2003
611,1,2228
611,1,2567
611,1,3031
611,1,1999
611,1,2879
611,1,3623
611,1,2160
611,1,2160
611,1,3137
611,1,2486
611,1,2811
611,1,3658
611,1,2403
611,1,3235
611,1,2296
611,1,1816
611,1,2192
611,1,2650
611,1,2995
611,1,1857
325,2,329
286,2,318
233,2,1033
286,2,316
286,2,314
320,2,324
320,2,322
286,2,310
85,2,1028
169,2,1028
325,2,1060
286,2,292
169,2,227
233,2,227
286,2,296
286,2,294
79,2,80
320,2,80
85,2,9
2,2,9
233,2,9
169,2,9
85,2,78
2,2,78
233,2,78
169,2,78
233,2,77
2,2,77
85,2,77
169,2,77
320,2,1034
286,2,287
286,2,300
286,2,298
245,2,260
245,2,280
245,2,269
245,2,246
325,2,326
325,2,1058
286,2,312
286,2,306
85,2,3
2,2,3
233,2,218
169,2,218
233,2,213
169,2,213
233,2,226
169,2,226
286,2,308
325,2,327
2,2,1161
233,2,234
286,2,290
330,2,331
330,2,334
330,2,332
330,2,705
330,2,671
330,2,707
330,2,711
85,2,89
286,2,303
233,2,1021
85,2,1021
85,2,1023
169,2,1023
85,2,86
169,2,86
169,2,88
85,2,88
85,2,115
169,2,115
85,2,1024
169,2,1024
85,2,1017
169,2,1017
85,2,1019
169,2,1019
85,2,1014
169,2,1014
169,2,159
85,2,159
169,2,1027
85,2,1027
85,2,101
169,2,101
233,2,170
169,2,170
233,2,242
320,2,242
233,2,237
320,2,237
233,2,235
320,2,235
233,2,239
320,2,239
245,2,271
245,2,278
245,2,282
233,2,240
233,2,1031
245,2,145
233,2,145
85,2,145
325,2,267
245,2,267
245,2,262
245,2,264
233,2,1029
233,2,244
320,2,321
2,2,771
233,2,639
169,2,639
85,2,639
233,2,644
169,2,644
85,2,644
169,2,161
85,2,161
233,2,161
169,2,168
233,2,168
85,2,168
233,2,162
169,2,162
85,2,162
85,2,116
169,2,116
233,2,116
85,2,1026
233,2,1026
169,2,1026
354,2,355
169,2,1202
418,6,329
418,6,314
418,6,322
418,6,310
418,6,292
418,6,300
418,6,360
418,6,308
418,6,89
418,6,159
418,6,101
419,6,3
419,6,89
420,6,306
420,6,303
421,6,360
422,6,314
422,6,227
422,6,80
422,6,360
422,6,159
422,6,240
423,6,294
423,6,78
423,6,360
423,6,271
423,6,240
424,6,329
424,6,316
424,6,314
424,6,310
424,6,360
424,6,3
424,6,89
424,6,237
424,6,240
425,6,329
425,6,227
425,6,77
425,6,287
425,6,300
425,6,360
425,6,3
425,6,89
425,6,88
425,6,1024
425,6,159
425,6,237
425,6,271
425,6,240
425,6,267
425,6,1029
426,6,329
426,6,1033
426,6,316
426,6,322
426,6,310
426,6,292
426,6,227
1383,6,1019
357,6,329
357,6,318
357,6,316
357,6,314
357,6,322
357,6,296
357,6,287
357,6,300
357,6,326
357,6,3
357,6,88
357,6,159
358,6,329
358,6,318
358,6,316
358,6,296
358,6,326
358,6,1058
358,6,308
358,6,237
359,6,329
359,6,1033
359,6,322
359,6,1060
359,6,296
359,6,300
359,6,360
359,6,260
359,6,269
359,6,326
359,6,1058
359,6,312
359,6,3
359,6,213
359,6,234
359,6,89
359,6,1021
359,6,159
359,6,242
359,6,237
362,6,88
367,6,89
367,6,1019
367,6,159
367,6,101
367,6,235
367,6,239
367,6,282
367,6,240
367,6,264
367,6,1029
367,6,771
368,6,318
368,6,316
368,6,287
368,6,300
369,6,316
369,6,314
369,6,292
369,6,78
369,6,303
369,6,159
370,6,312
371,6,296
371,6,360
371,6,159
371,6,240
372,6,329
372,6,316
372,6,314
372,6,322
372,6,310
372,6,296
372,6,294
372,6,78
372,6,287
372,6,300
372,6,360
372,6,280
372,6,88
372,6,1019
372,6,159
372,6,271
373,6,159
373,6,1029
374,6,287
374,6,300
374,6,360
374,6,3
374,6,159
375,6,329
375,6,316
375,6,314
375,6,292
375,6,360
375,6,1058
375,6,3
375,6,89
375,6,88
375,6,159
375,6,639
376,6,322
376,6,80
376,6,78
377,6,329
377,6,300
378,6,329
378,6,316
378,6,322
378,6,310
378,6,296
378,6,287
378,6,300
378,6,360
378,6,269
378,6,306
378,6,226
398,6,329
398,6,318
398,6,314
398,6,1060
398,6,1034
398,6,300
398,6,360
398,6,306
398,6,159
398,6,235
398,6,1029
399,6,314
399,6,322
399,6,360
399,6,213
399,6,303
400,6,360
400,6,269
400,6,159
400,6,271
401,6,360
401,6,3
401,6,89
401,6,159
401,6,101
401,6,240
402,6,360
403,6,329
403,6,310
403,6,227
403,6,296
403,6,287
403,6,360
403,6,312
403,6,159
404,6,227
404,6,360
405,6,316
405,6,310
405,6,296
405,6,287
405,6,300
405,6,360
405,6,303
405,6,159
405,6,271
405,6,1029
406,6,329
406,6,300
406,6,159
406,6,771
407,6,322
408,6,329
408,6,227
408,6,296
408,6,287
408,6,300
408,6,88
408,6,159
408,6,240
409,6,316
409,6,310
409,6,287
435,6,88
436,6,310
436,6,296
436,6,287
436,6,360
436,6,303
436,6,159
436,6,771
437,6,318
437,6,316
437,6,314
437,6,322
437,6,310
437,6,1060
437,6,292
437,6,296
437,6,78
437,6,287
437,6,300
437,6,360
437,6,269
437,6,246
437,6,326
437,6,1058
437,6,306
437,6,3
437,6,308
437,6,290
437,6,237
438,6,3
439,6,329
439,6,318
439,6,316
439,6,314
439,6,322
439,6,310
439,6,292
439,6,227
439,6,296
439,6,78
439,6,77
439,6,287
439,6,300
439,6,360
439,6,1058
439,6,312
439,6,306
439,6,3
439,6,308
439,6,89
439,6,303
439,6,282
439,6,264
440,6,329
440,6,314
440,6,322
440,6,1060
440,6,292
440,6,300
440,6,360
440,6,290
440,6,89
440,6,1019
440,6,271
441,6,318
441,6,314
441,6,78
441,6,360
409,6,88
409,6,159
410,6,329
410,6,316
410,6,314
410,6,310
410,6,300
410,6,360
410,6,280
410,6,326
410,6,3
410,6,308
410,6,89
410,6,159
410,6,101
411,6,360
412,6,314
412,6,292
412,6,300
412,6,269
412,6,326
412,6,271
413,6,360
413,6,159
413,6,101
413,6,1029
414,6,292
414,6,227
414,6,360
414,6,303
414,6,88
414,6,159
415,6,316
415,6,310
415,6,292
415,6,296
415,6,77
415,6,287
415,6,300
415,6,360
415,6,1058
415,6,308
415,6,89
415,6,303
415,6,88
415,6,159
416,6,329
416,6,310
416,6,296
416,6,287
416,6,300
416,6,360
416,6,308
416,6,290
416,6,89
416,6,303
416,6,88
416,6,244
417,6,326
387,6,360
387,6,88
387,6,159
387,6,240
387,6,264
388,6,329
388,6,310
388,6,1060
388,6,1034
388,6,287
388,6,300
388,6,360
388,6,1058
388,6,312
388,6,159
388,6,1029
389,6,159
389,6,639
390,6,318
390,6,316
390,6,310
390,6,292
390,6,296
390,6,287
390,6,360
390,6,1058
390,6,312
390,6,3
390,6,89
390,6,271
390,6,771
391,6,316
391,6,314
391,6,322
391,6,310
391,6,292
391,6,227
391,6,80
391,6,77
391,6,287
391,6,300
391,6,360
391,6,308
391,6,89
391,6,88
391,6,159
391,6,237
391,6,235
391,6,278
392,6,310
392,6,77
392,6,159
393,6,240
394,6,314
394,6,1058
394,6,3
395,6,1060
395,6,287
395,6,300
395,6,308
396,6,77
396,6,88
396,6,159
396,6,240
397,6,316
397,6,310
397,6,296
397,6,287
397,6,300
397,6,360
397,6,159
397,6,771
441,6,1029
442,6,360
442,6,639
443,6,316
443,6,310
443,6,296
443,6,287
443,6,300
443,6,360
443,6,1058
443,6,306
443,6,303
443,6,159
444,6,269
445,6,360
445,6,89
446,6,329
446,6,287
446,6,300
447,6,77
447,6,360
447,6,326
447,6,89
448,6,316
448,6,296
448,6,287
448,6,306
448,6,159
449,6,360
450,6,316
450,6,310
450,6,287
450,6,360
450,6,306
450,6,159
451,6,316
451,6,296
451,6,287
451,6,300
451,6,360
451,6,1058
451,6,159
452,6,360
452,6,771
453,6,360
453,6,308
453,6,89
453,6,639
454,6,292
455,6,360
456,6,292
456,6,360
456,6,312
456,6,89
456,6,639
457,6,360
458,6,329
458,6,296
458,6,360
459,6,1033
459,6,316
459,6,292
459,6,296
459,6,287
459,6,360
459,6,3
459,6,303
459,6,86
459,6,88
459,6,159
459,6,271
459,6,282
459,6,1029
459,6,1202
426,6,300
426,6,360
426,6,280
426,6,3
426,6,308
426,6,1021
426,6,88
426,6,1019
426,6,159
426,6,240
426,6,639
426,6,168
427,6,360
428,6,329
428,6,296
428,6,287
428,6,300
428,6,159
429,6,329
429,6,316
429,6,310
429,6,296
429,6,287
429,6,360
429,6,1058
429,6,303
430,6,316
430,6,314
430,6,322
430,6,310
430,6,78
430,6,287
430,6,3
430,6,308
430,6,303
430,6,88
430,6,159
430,6,240
430,6,264
430,6,1029
431,6,227
431,6,360
431,6,159
432,6,292
432,6,308
432,6,1161
432,6,88
433,6,1033
433,6,314
433,6,1028
433,6,292
433,6,296
433,6,287
433,6,360
433,6,303
433,6,86
433,6,159
433,6,282
433,6,1029
433,6,168
434,6,360
434,6,639
435,6,322
435,6,287
435,6,218
378,6,1021
378,6,88
378,6,159
378,6,101
378,6,1029
379,6,318
379,6,296
380,6,329
380,6,316
380,6,314
380,6,322
380,6,310
380,6,78
380,6,287
380,6,300
380,6,360
380,6,269
380,6,3
380,6,705
380,6,89
381,6,329
381,6,314
381,6,292
381,6,280
381,6,1058
381,6,218
381,6,159
381,6,240
381,6,1029
381,6,771
382,6,329
382,6,316
382,6,310
382,6,296
382,6,287
383,6,292
383,6,240
384,6,329
384,6,310
384,6,287
384,6,300
384,6,360
384,6,1058
384,6,303
384,6,159
384,6,240
385,6,1033
385,6,296
385,6,240
386,6,329
386,6,316
386,6,314
386,6,1060
386,6,292
386,6,300
386,6,360
386,6,1058
386,6,240
386,6,639
387,6,329
363,6,314
363,6,322
363,6,296
363,6,89
363,6,1019
364,6,329
364,6,318
364,6,316
364,6,314
364,6,322
364,6,227
364,6,296
364,6,77
364,6,287
364,6,300
364,6,360
364,6,312
364,6,306
364,6,226
364,6,303
364,6,159
364,6,1029
365,6,316
365,6,296
365,6,1034
365,6,287
365,6,300
365,6,360
365,6,306
365,6,303
365,6,159
365,6,101
365,6,240
366,6,3
366,6,237
366,6,1029
367,6,329
367,6,314
367,6,296
367,6,294
367,6,78
367,6,287
367,6,300
367,6,298
367,6,360
367,6,269
367,6,326
367,6,3
332,3,713
1202,3,1203
294,3,295
1019,3,1020
1034,3,1035
318,3,319
1017,3,1018
116,3,127
360,3,361
1031,3,1032
334,3,335
1029,3,1030
312,3,313
246,3,259
116,3,128
9,3,61
78,3,61
77,3,61
101,3,109
101,3,102
116,3,1201
227,3,231
269,3,270
306,3,307
242,3,243
321,3,243
161,3,124
116,3,124
237,3,238
292,3,293
89,3,90
218,3,219
246,3,254
246,3,248
116,3,138
1028,3,1015
1023,3,1015
1014,3,1015
329,3,279
278,3,279
280,3,281
327,3,328
1161,3,1162
101,3,1130
771,3,772
334,3,716
332,3,333
334,3,715
240,3,241
227,3,232
322,3,323
162,3,643
1033,3,1022
1021,3,1022
1027,3,1022
116,3,139
298,3,299
159,3,160
9,3,68
316,3,317
287,3,288
116,3,123
213,3,214
226,3,214
239,3,214
170,3,172
271,3,273
218,3,220
267,3,268
264,3,266
170,3,173
9,3,22
334,3,714
671,3,714
88,3,1016
1026,3,1016
86,3,1013
88,3,1013
115,3,1013
218,3,225
145,3,146
1058,3,1059
116,3,750
170,3,186
314,3,315
1024,3,1025
300,3,302
145,3,154
116,3,117
1060,3,1055
271,3,1055
262,3,263
271,3,272
296,3,297
303,3,305
705,3,706
705,3,949
334,3,708
707,3,708
264,3,265
334,3,709
707,3,709
86,3,87
88,3,87
115,3,87
218,3,835
246,3,247
287,3,289
639,3,640
644,3,640
218,3,224
310,3,311
334,3,710
707,3,710
227,3,228
235,3,236
324,3,4
326,3,4
3,3,4
170,3,174
80,3,81
234,3,155
331,3,155
145,3,155
9,3,18
303,3,304
290,3,291
355,3,291
101,3,105
334,3,717
9,3,62
9,3,40
101,3,1127
308,3,309
671,3,672
9,3,10
260,3,261
282,3,283
170,3,185
9,3,67
271,3,274
300,3,301
170,3,171
711,3,712
244,3,163
168,3,163
162,3,163
751,4,750
751,4,1424
751,4,1426
751,4,1428
751,4,1425
751,4,1427
678,4,155
118,4,117
118,4,127
118,4,468
118,4,552
118,4,513
118,4,554
118,4,597
118,4,527
118,4,544
118,4,604
118,4,548
118,4,574
69,4,117
69,4,127
69,4,552
69,4,513
69,4,554
69,4,597
69,4,527
69,4,544
69,4,604
69,4,154
69,4,548
69,4,574
69,4,68
1388,4,1387
971,4,127
732,4,127
732,4,604
106,4,105
106,4,154
979,4,555
979,4,526
979,4,592
979,4,584
979,4,579
979,4,601
979,4,67
979,4,551
979,4,467
73,4,68
23,4,117
23,4,123
23,4,573
23,4,489
23,4,602
23,4,469
23,4,555
23,4,163
23,4,105
23,4,109
23,4,552
23,4,559
23,4,592
23,4,571
23,4,583
23,4,593
23,4,509
23,4,582
23,4,513
23,4,173
23,4,595
23,4,493
23,4,585
23,4,584
23,4,581
23,4,554
23,4,579
23,4,527
23,4,544
23,4,604
23,4,547
23,4,265
23,4,492
23,4,304
23,4,254
23,4,463
23,4,480
23,4,154
23,4,146
23,4,67
23,4,496
23,4,551
23,4,607
23,4,537
23,4,548
23,4,498
23,4,575
23,4,22
23,4,467
23,4,40
23,4,574
164,4,563
164,4,163
164,4,291
164,4,583
164,4,224
164,4,500
164,4,536
164,4,512
164,4,470
164,4,315
164,4,516
164,4,608
164,4,307
164,4,589
164,4,505
164,4,570
164,4,610
164,4,293
164,4,588
164,4,594
164,4,495
164,4,566
164,4,485
164,4,477
164,4,508
164,4,550
164,4,317
164,4,567
164,4,289
164,4,605
164,4,530
164,4,497
164,4,535
164,4,549
164,4,569
164,4,484
164,4,515
164,4,511
164,4,504
164,4,556
164,4,538
164,4,461
164,4,478
164,4,565
164,4,578
164,4,301
164,4,553
164,4,297
164,4,319
164,4,299
164,4,295
164,4,311
164,4,305
164,4,214
164,4,596
164,4,309
164,4,313
164,4,486
164,4,537
1553,4,587
1553,4,1561
1553,4,1555
1553,4,1552
1553,4,1560
1553,4,1559
1553,4,1556
1553,4,1557
1553,4,1558
1385,4,1384
1219,4,1397
1219,4,532
1219,4,1643
1219,4,146
773,4,772
336,4,335
336,4,463
336,4,557
336,4,607
336,4,537
1638,4,573
1638,4,599
1638,4,1640
187,4,598
187,4,186
187,4,558
645,4,128
645,4,302
645,4,575
1011,4,1018
1011,4,1573
1011,4,1016
1011,4,1032
1011,4,1574
1011,4,1572
1011,4,1569
1011,4,1570
1011,4,1013
1011,4,87
1011,4,1022
1011,4,1025
1011,4,1020
1011,4,1035
1011,4,1571
1011,4,1015
1011,4,1030
63,4,128
63,4,573
63,4,302
63,4,163
63,4,138
63,4,564
63,4,580
63,4,527
63,4,510
63,4,502
63,4,305
63,4,214
63,4,279
63,4,600
63,4,557
63,4,603
63,4,62
91,4,171
91,4,185
91,4,488
91,4,273
91,4,583
91,4,501
91,4,243
91,4,225
91,4,90
91,4,268
215,4,219
215,4,583
215,4,541
215,4,525
215,4,547
215,4,591
215,4,305
215,4,214
215,4,268
542,4,541
542,4,545
1122,4,117
1122,4,163
1122,4,219
1122,4,1615
1122,4,581
1122,4,564
1122,4,527
1122,4,603
249,4,587
249,4,572
249,4,466
249,4,248
1089,4,506
1089,4,261
1089,4,61
1089,4,270
1089,4,247
1089,4,263
1089,4,464
284,4,283
1417,4,479
1417,4,1422
1417,4,1420
1417,4,1419
1417,4,1421
140,4,139
140,4,539
140,4,503
143,4,139
143,4,529
143,4,305
1128,4,1566
1128,4,1130
1128,4,1619
1128,4,1127
1128,4,1620
1128,4,1618
1128,4,1622
1128,4,1621
1128,4,1617
1128,4,1616
1128,4,155
533,4,532
533,4,545
1009,4,1566
1009,4,1567
1009,4,1568
1009,4,248
1678,4,1680
1678,4,532
1678,4,546
1593,4,1592
474,4,471
474,4,487
1414,4,1416
1414,4,487
275,4,577
275,4,274
275,4,333
950,4,715
950,4,712
950,4,949
950,4,1403
950,4,1401
950,4,1404
950,4,1551
65,4,302
65,4,600
65,4,62
641,4,643
641,4,640
129,4,128
690,4,160
1583,4,1582
1583,4,1585
1583,4,581
1583,4,564
1610,4,1612
1610,4,1609
82,4,568
82,4,361
82,4,590
82,4,81
82,4,562
82,4,476
82,4,328
1576,4,1575
518,4,517
7,4,139
7,4,506
7,4,261
7,4,266
7,4,281
7,4,4
7,4,323
7,4,270
7,4,18
5,4,479
5,4,491
5,4,490
5,4,266
5,4,87
5,4,4
5,4,61
5,4,323
5,4,247
5,4,238
5,4,236
5,4,263
5,4,464
1398,4,1397
1624,4,1623
1056,4,1059
1056,4,1055
103,4,102
103,4,138
103,4,465
103,4,557
836,4,835
221,4,220
472,4,471
472,4,487
1470,4,1472
1470,4,471
1470,4,1416
1199,4,128
1199,4,1201
1199,4,302
1199,4,138
1199,4,503
1199,4,583
1199,4,1637
1199,4,466
1199,4,1419
1199,4,1203
1199,4,502
1199,4,501
1199,4,305
1199,4,1421
1199,4,600
1199,4,1636
1199,4,62
41,4,117
41,4,555
41,4,552
41,4,526
41,4,592
41,4,513
41,4,493
41,4,584
41,4,288
41,4,507
41,4,579
41,4,597
41,4,527
41,4,544
41,4,604
41,4,265
41,4,492
41,4,601
41,4,463
41,4,154
41,4,146
41,4,67
41,4,551
41,4,607
41,4,537
41,4,548
41,4,498
41,4,40
41,4,574
41,4,68
125,4,128
125,4,598
125,4,302
125,4,138
125,4,499
125,4,241
125,4,576
125,4,214
125,4,259
125,4,248
125,4,124
11,4,117
11,4,123
11,4,489
11,4,555
11,4,163
11,4,105
11,4,552
11,4,513
11,4,173
11,4,493
11,4,160
11,4,585
11,4,584
11,4,288
11,4,554
11,4,579
11,4,527
11,4,544
11,4,604
11,4,502
11,4,265
11,4,492
11,4,601
11,4,463
11,4,154
11,4,146
11,4,67
11,4,496
11,4,557
11,4,607
11,4,537
11,4,548
11,4,498
11,4,22
11,4,10
11,4,574
110,4,109
110,4,526
110,4,609
110,4,172
110,4,514
110,4,579
110,4,546
110,4,557
703,4,715
703,4,712
703,4,577
703,4,274
703,4,706
703,4,509
703,4,582
703,4,672
703,4,714
703,4,717
703,4,716
703,4,710
703,4,708
703,4,713
703,4,1405
703,4,1402
703,4,1403
703,4,1401
703,4,1404
703,4,709
673,4,672
43,4,489
43,4,526
43,4,579
43,4,601
43,4,40
255,4,571
255,4,304
255,4,528
255,4,531
255,4,254
255,4,467
19,4,272
19,4,18
1597,4,1596
1597,4,1599
1597,4,1600
1597,4,1601
1603,4,1602
229,4,586
229,4,561
229,4,540
229,4,232
229,4,606
229,4,228
229,4,494
229,4,560
229,4,231
156,4,155
1159,4,1633
1159,4,1632
1159,4,507
1159,4,1162
1159,4,40
147,4,489
147,4,602
147,4,469
147,4,599
147,4,462
147,4,146
481,4,480
175,4,174
175,4,465
175,4,603
2353,7,2354
2259,7,2260
3191,7,3192
2481,7,2482
1934,7,1935
2001,7,2002
2327,7,2328
2991,7,2992
2155,7,2156
3563,7,3564
3050,7,3051
1844,7,1845
3079,7,3080
2201,7,2202
2939,7,2940
2300,7,2301
3421,7,3422
3092,7,3093
1782,7,1783
2781,7,2782
3176,7,3177
2521,7,2522
2273,7,2274
2605,7,2606
2315,7,2316
1760,7,1761
1766,7,1767
2508,7,2509
1918,7,1919
3219,7,3220
2127,7,2128
3156,7,3157
2860,7,2861
2710,7,2711
2349,7,2350
2983,7,2350
3293,7,3294
2974,7,2975
2372,7,2379
2372,7,2373
2372,7,3397
2372,7,2537
2372,7,2801
2372,7,2951
2372,7,3315
2070,7,2071
2024,7,2025
3391,7,3392
3196,7,3197
3207,7,3208
3055,7,3056
2158,7,2159
2757,7,2159
628,7,36
618,7,36
629,7,36
2076,7,2077
1859,7,1860
2932,7,2933
3280,7,3281
2766,7,2767
3149,7,2767
1886,7,1887
3000,7,3001
3647,7,3648
3259,7,3260
1848,7,1849
3423,7,3424
1742,7,1743
2082,7,1743
3480,7,3481
2187,7,2188
2339,7,2340
2741,7,2742
3384,7,3385
1750,7,1751
2463,7,2464
3247,7,3248
3329,7,3330
2392,7,2393
3143,7,3144
3548,7,3549
2362,7,2363
1802,7,1803
1722,7,1723
3008,7,3009
3313,7,3314
2113,7,2114
2394,7,2395
2270,7,2271
3609,7,3610
3252,7,3253
3090,7,3091
3141,7,3142
2171,7,2172
1989,7,1990
2337,7,2338
1756,7,1757
2014,7,2015
2691,7,2692
3625,7,2692
1834,7,1835
2615,7,2616
1979,7,1980
3544,7,3545
2042,7,2043
3175,7,2043
3014,7,2043
3633,7,2043
2192,7,2043
3350,7,3351
2101,7,2102
3003,7,3004
2764,7,2765
2716,7,2717
3457,7,3458
3171,7,3172
3494,7,3495
3359,7,3360
3150,7,3151
3434,7,3435
1812,7,1813
1850,7,1851
3319,7,3320
1956,7,1957
3068,7,3069
3501,7,3502
2009,7,2010
3446,7,3447
623,7,122
621,7,122
3670,7,3671
3366,7,3367
2595,7,2596
1790,7,1791
2177,7,2178
3104,7,3105
3371,7,3372
2364,7,2365
2018,7,2019
2943,7,2944
2745,7,2746
3076,7,3077
1924,7,1925
3416,7,3417
2066,7,2067
2569,7,2570
3455,7,3456
2896,7,2897
3597,7,3598
3436,7,3437
2092,7,2093
3057,7,3058
2050,7,2051
1810,7,1811
1748,7,2895
1748,7,1861
1748,7,1749
2469,7,2470
2856,7,2857
2631,7,2632
3074,7,3075
2323,7,2324
2708,7,2709
3631,7,3632
3509,7,3510
3651,7,3652
2351,7,2352
3674,7,3675
3335,7,3336
3373,7,3374
2036,7,2037
2335,7,2454
2453,7,2454
2335,7,2336
3498,7,2336
2277,7,2278
2514,7,2515
1758,7,2164
1758,7,3189
1758,7,2272
1758,7,2761
1758,7,3292
1758,7,1759
1758,7,3599
1758,7,3415
1758,7,2203
1758,7,2094
1758,7,2213
1758,7,3606
2770,7,2771
2920,7,2921
2451,7,2452
2374,7,2375
2563,7,2564
2980,7,2981
2915,7,2916
2341,7,2342
2871,7,2872
3513,7,3514
2396,7,2397
2638,7,2639
2893,7,2894
2571,7,2572
2536,7,1939
1938,7,1939
2536,7,3130
1938,7,3130
1830,7,1831
1770,7,1771
2298,7,2299
2167,7,2168
3569,7,3570
2621,7,2622
1928,7,1929
1900,7,1901
2952,7,2953
2423,7,2424
2360,7,2361
2976,7,2977
3123,7,3124
2729,7,2730
2230,7,2231
2302,7,2303
2090,7,2091
3242,7,3243
2419,7,2420
2814,7,2815
3470,7,3471
2028,7,2029
3395,7,3396
3409,7,3410
2226,7,2227
3044,7,3045
2183,7,2184
2427,7,2428
1958,7,1959
2528,7,2529
1754,7,1755
1780,7,2232
1780,7,3212
1780,7,1781
1780,7,2900
1780,7,2284
1780,7,2740
2306,7,2307
3161,7,3162
2413,7,2414
3066,7,3067
3303,7,3304
2479,7,2480
2294,7,2295
3278,7,3279
3621,7,3622
2038,7,2039
2560,7,2561
2030,7,2031
2907,7,2908
3332,7,3333
2797,7,2798
3461,7,3462
2830,7,2831
2655,7,2656
2664,7,2665
3286,7,3287
3131,7,3132
3261,7,3262
3254,7,3255
1967,7,1968
2934,7,3005
3577,7,3578
2954,7,2955
1994,7,1995
2913,7,2914
2934,7,2935
2532,7,2533
3288,7,3289
2862,7,2863
3238,7,3239
3398,7,3399
1724,7,1725
2928,7,2929
3249,7,3250
3029,7,3030
3163,7,3164
2866,7,2867
3546,7,3547
2382,7,2383
2146,7,2147
2146,7,3600
2581,7,2582
2115,7,2116
3337,7,3338
2064,7,2065
1973,7,1974
3267,7,3268
2837,7,1709
1708,7,1709
2115,7,1709
630,7,341
1712,7,2776
1712,7,1713
1712,7,1864
1712,7,2357
1712,7,3536
1712,7,3431
1712,7,2726
3203,7,3204
2905,7,2906
2657,7,2658
2034,7,2035
2809,7,2810
2220,7,3300
2220,7,2221
1977,7,1978
2151,7,2152
3002,7,1863
1862,7,1863
3217,7,3218
2684,7,2685
3240,7,3241
1852,7,1853
2429,7,2430
2503,7,2838
3271,7,3272
1987,7,1988
2131,7,2132
2699,7,2700
3615,7,3616
2597,7,2598
2587,7,2588
2256,7,2279
2256,7,2257
2218,7,2219
3492,7,3493
3116,7,3117
3507,7,3508
2636,7,2637
2968,7,2969
3591,7,3592
2530,7,2531
2189,7,2190
2907,7,3634
3580,7,3581
2820,7,2821
3025,7,3026
3210,7,3211
2007,7,2008
2818,7,2819
2589,7,2590
2783,7,2784
3486,7,3487
2926,7,2927
3377,7,3378
2718,7,2719
1728,7,1729
2806,7,2807
2032,7,2033
2032,7,3465
2772,7,3120
2772,7,2792
2772,7,2773
2772,7,3167
2059,7,2060
1818,7,1819
3326,7,2902
2901,7,2902
2727,7,2728
1800,7,1801
2473,7,2474
3604,7,3605
1744,7,3334
1744,7,1885
1744,7,1745
1744,7,2813
2544,7,2545
3629,7,3630
3187,7,3188
1836,7,1837
2964,7,2965
2431,7,2432
3593,7,3594
3344,7,3345
2668,7,2669
2490,7,2491
2012,7,2013
2883,7,2884
2055,7,3078
2055,7,2056
2055,7,3497
1950,7,2850
1950,7,2148
1950,7,1951
2085,7,2086
2518,7,2519
2864,7,2865
2689,7,2690
2985,7,2986
2109,7,2110
2619,7,2620
3463,7,3464
2263,7,2264
3645,7,3646
2673,7,2674
3530,7,3531
2627,7,2628
2495,7,2496
3484,7,3485
3106,7,3107
2881,7,2882
3082,7,3083
3082,7,3676
3082,7,3223
3516,7,3517
1828,7,1829
2078,7,2079
2207,7,2208
2534,7,2535
2275,7,2276
1840,7,1841
2345,7,2346
3443,7,3444
2538,7,2539
2678,7,2679
2129,7,2130
2613,7,2614
2758,7,2759
2111,7,2112
2111,7,3543
3445,7,2794
2793,7,2794
2443,7,2444
2443,7,3515
2443,7,3428
2443,7,3368
2858,7,2859
2358,7,2359
3193,7,2359
1865,7,1866
2121,7,2122
2475,7,2476
1877,7,1878
2993,7,2994
3201,7,3202
2714,7,2715
2343,7,2344
2083,7,2084
1704,7,1705
2236,7,2237
2016,7,2017
3468,7,3469
2675,7,2676
2005,7,2006
1954,7,1955
3318,7,1955
2697,7,2698
3407,7,3408
3413,7,3414
2644,7,2645
2441,7,2442
2311,7,2312
3094,7,3095
2415,7,2416
3205,7,3206
2209,7,2210
1746,7,2492
1746,7,3155
1746,7,1747
1752,7,1753
3619,7,3620
3061,7,3062
2962,7,2963
3015,7,3016
2497,7,2498
2733,7,2734
2457,7,2458
1794,7,1795
3660,7,3661
3672,7,3673
2097,7,2098
3613,7,3614
1906,7,1907
2735,7,2736
3182,7,3183
631,7,131
2804,7,2805
2288,7,2289
2459,7,2460
2103,7,2104
2978,7,2979
1820,7,1821
1740,7,1741
1740,7,3420
2193,7,2194
3559,7,3560
2824,7,3657
2824,7,2825
2435,7,2749
2435,7,2436
3640,7,3641
1898,7,1899
2956,7,2957
2105,7,2106
3290,7,3291
1867,7,1868
2197,7,2198
1940,7,1941
2234,7,2235
2425,7,2426
2686,7,3035
2686,7,2687
2643,7,1947
3383,7,1947
1946,7,1947
1998,7,1763
1762,7,1763
3476,7,3477
3550,7,3551
2421,7,3579
2421,7,3363
2421,7,2422
3681,7,3682
1867,7,3019
3230,7,3231
1734,7,1735
2246,7,2247
2265,7,2266
2137,7,2138
3357,7,3358
625,7,346
3511,7,3512
3059,7,3060
2119,7,2120
1985,7,1986
2258,7,1895
2737,7,1895
3129,7,1895
1894,7,1895
2808,7,1895
2157,7,1895
2562,7,1895
3642,7,3643
3327,7,3328
2583,7,2584
3169,7,3170
2889,7,2890
2785,7,2786
3565,7,3566
3557,7,3558
3346,7,3347
3309,7,3310
1906,7,2672
2409,7,2410
1869,7,1962
1869,7,2688
1869,7,1870
1792,7,1793
2370,7,2371
1975,7,2887
1975,7,1976
2040,7,2041
2366,7,2367
1896,7,1897
3573,7,2196
2195,7,2196
1786,7,1787
1786,7,2052
1786,7,2832
2629,7,2630
3361,7,3362
3086,7,3087
2185,7,2186
2790,7,2791
3046,7,3047
3355,7,3356
1936,7,1937
1936,7,2483
3165,7,3166
2555,7,2556
1804,7,1805
3228,7,3229
2471,7,2472
2169,7,2170
1798,7,1799
3301,7,3302
2321,7,2322
3466,7,3467
1776,7,1777
2703,7,2704
3339,7,3340
3589,7,3590
1746,7,2855
1932,7,1933
1932,7,3237
3006,7,3007
3139,7,3140
3244,7,1731
2559,7,1731
1730,7,1731
1969,7,1970
3194,7,3195
1714,7,1715
2407,7,2408
2268,7,2269
2762,7,2763
1772,7,3576
1772,7,1773
1772,7,2748
1772,7,2876
3668,7,3669
3369,7,3370
2553,7,2554
1888,7,1889
1888,7,2011
3233,7,3234
3110,7,3111
2285,7,2286
2280,7,2281
1942,7,1943
3393,7,3394
1846,7,1847
3448,7,3449
2833,7,2834
3518,7,3519
2347,7,3224
1963,7,1964
2949,7,2950
2026,7,2027
2095,7,2096
3256,7,3257
1908,7,1909
3023,7,3024
1902,7,1903
2661,7,2662
2347,7,3323
2347,7,2938
2347,7,2348
2347,7,2640
2347,7,3168
2347,7,3227
2347,7,3644
2347,7,3496
1904,7,1905
617,7,30
620,7,30
619,7,30
2080,7,2081
2125,7,2126
3036,7,3037
3607,7,3608
2254,7,2255
3490,7,2255
2044,7,2045
2287,7,1915
1914,7,1915
2888,7,1915
2386,7,2387
1922,7,1923
1822,7,1823
2659,7,2660
3503,7,3504
2401,7,2402
3429,7,3430
2822,7,2823
3098,7,3099
3127,7,3128
2378,7,3251
2378,7,2249
2248,7,2249
2378,7,3065
2941,7,2942
3311,7,3312
3472,7,3473
2958,7,2959
1778,7,1779
2695,7,2696
2958,7,3638
1788,7,1789
2331,7,2332
1920,7,1921
2405,7,2406
3135,7,3136
2924,7,2925
2540,7,2541
3033,7,3034
1912,7,1913
1842,7,1843
2653,7,2654
2670,7,2671
1952,7,2145
3118,7,3119
3321,7,3322
1952,7,3190
1952,7,2919
1952,7,2760
1952,7,1953
3213,7,3214
1796,7,1797
3440,7,3441
3552,7,3441
3017,7,3018
3125,7,3126
2903,7,2904
3133,7,3134
3567,7,3568
2835,7,2836
3199,7,3200
3553,7,3554
3432,7,3433
2633,7,2634
2355,7,2356
2546,7,2547
2922,7,2923
2133,7,2134
2898,7,2899
2074,7,2075
2542,7,2543
2141,7,2142
2141,7,2756
2141,7,2999
2141,7,3341
2579,7,2580
3276,7,3277
2510,7,2511
3305,7,3306
3438,7,3439
2724,7,2725
3185,7,3186
2149,7,2150
2461,7,2462
3561,7,3562
2240,7,2241
2585,7,2586
2329,7,2330
3635,7,3636
3679,7,3680
2242,7,2243
3662,7,3663
1883,7,1884
1738,7,1739
2557,7,2558
2557,7,3226
2873,7,2874
3284,7,3285
2841,7,2842
3038,7,3039
1768,7,1769
3153,7,3154
3453,7,3454
3348,7,3349
3418,7,3419
3522,7,3523
2380,7,2381
3555,7,3556
2153,7,2154
2648,7,2649
2648,7,2982
2648,7,3022
2611,7,2612
2768,7,2769
2319,7,2320
2891,7,2892
3152,7,2892
1965,7,1993
1965,7,2937
1965,7,2389
1965,7,3491
1965,7,2875
1965,7,1966
1965,7,3275
1965,7,3601
1965,7,2191
1965,7,3639
3273,7,3274
3084,7,3085
3602,7,3603
3100,7,3101
1826,7,1827
3158,7,2988
2987,7,2988
3173,7,3174
2216,7,2217
2388,7,2217
2061,7,1727
1726,7,1727
3405,7,3406
3269,7,3270
3520,7,3521
3505,7,3506
3587,7,3588
3121,7,3122
3386,7,3387
2909,7,2910
2720,7,2721
2057,7,2058
2173,7,2174
1806,7,1807
3541,7,3542
3666,7,3667
3617,7,3618
2609,7,2610
2989,7,2990
3537,7,3538
3265,7,3266
3403,7,3404
2777,7,2778
2666,7,2667
1881,7,1882
2020,7,2021
3352,7,3353
3655,7,3656
3499,7,3500
2211,7,2212
3282,7,3283
3401,7,3402
2845,7,2846
3020,7,3021
3524,7,3525
1916,7,1917
2398,7,2399
2199,7,2200
2738,7,2739
3053,7,3054
3342,7,3343
1736,7,2663
1736,7,2046
1736,7,2868
1736,7,1737
2049,7,1737
1736,7,2984
2049,7,2984
2512,7,2513
2467,7,2468
2853,7,2854
622,7,339
2493,7,2494
2022,7,2023
2811,7,2812
3658,7,3659
3137,7,3138
2160,7,2161
2160,7,3225
3623,7,3624
2879,7,2880
3031,7,3032
2567,7,2568
1999,7,2000
2995,7,2996
2650,7,2651
1857,7,1858
1816,7,1817
2204,7,2205
2296,7,2297
3235,7,3236
2403,7,2404
616,7,256
2774,7,2775
2603,7,2604
2851,7,2852
3649,7,3650
3295,7,3296
2238,7,2239
2970,7,2971
3027,7,3028
3072,7,3073
1808,7,1809
3442,7,1809
613,7,222
2997,7,2998
2731,7,2732
2447,7,2448
2722,7,2723
2839,7,2840
1871,7,1872
3108,7,3109
613,7,1856
2848,7,2849
2843,7,2844
3364,7,3365
1926,7,3427
1926,7,1927
1926,7,2310
2433,7,2434
2252,7,2253
2847,7,2163
2162,7,2163
2165,7,2166
1718,7,1719
626,7,182
2712,7,2713
3474,7,3475
1971,7,1972
3388,7,3389
2526,7,2527
3221,7,3222
2439,7,3222
3221,7,2440
2439,7,2440
2455,7,2456
2565,7,2566
2565,7,2635
3096,7,3097
1910,7,1911
624,7,135
2179,7,2180
2304,7,2305
3595,7,3596
3459,7,3460
3147,7,3148
2224,7,2225
2701,7,2702
2411,7,2412
2641,7,2642
1890,7,1891
1720,7,1721
2506,7,2507
2282,7,2283
3297,7,3298
2625,7,2626
2181,7,2182
3063,7,3064
3063,7,3258
2575,7,2576
3012,7,3013
2465,7,2466
1873,7,1874
3245,7,3246
2779,7,2780
3299,7,2694
2693,7,2694
3089,7,2694
2437,7,2438
3375,7,3376
3112,7,3113
2802,7,2803
1784,7,1785
2317,7,2318
2705,7,2706
3411,7,3412
3574,7,3575
3611,7,3612
2911,7,2912
3677,7,3678
1706,7,2789
1706,7,1707
2966,7,2967
3452,7,1733
1732,7,1733
1854,7,1855
3215,7,3216
3145,7,3146
2816,7,2817
3532,7,3533
2244,7,2245
2601,7,2602
612,7,345
627,7,16
2599,7,2600
2445,7,2446
1879,7,1880
2877,7,2878
2486,7,2487
2228,7,2229
2960,7,2961
1892,7,1893
2003,7,2004
3683,7,3684
2143,7,2144
1991,7,1992
2222,7,2223
2107,7,2108
2787,7,2788
2488,7,2489
2053,7,2054
3381,7,3382
3571,7,3572
3526,7,3527
3324,7,3325
3653,7,3654
1716,7,1717
2617,7,2618
2484,7,2485
2376,7,2377
3379,7,3380
2646,7,2647
3534,7,3535
1983,7,1984
3042,7,3043
2930,7,2931
3263,7,3264
2917,7,2918
3180,7,3181
2214,7,2215
1710,7,1711
2828,7,2829
1948,7,1949
1948,7,3115
2750,7,2751
3478,7,3479
2972,7,2973
2501,7,2936
2501,7,3354
2503,7,2502
2501,7,2502
3010,7,3011
2139,7,2140
2826,7,2827
1981,7,1982
1764,7,1765
2390,7,2391
3528,7,3529
2292,7,2293
1824,7,1825
3664,7,3665
2135,7,2136
2577,7,2578
2072,7,2073
2499,7,2500
2384,7,2385
3316,7,3317
2573,7,3081
2593,7,2594
3307,7,3308
2885,7,2886
2573,7,2574
3400,7,2574
3637,7,2574
614,7,615
2799,7,2800
1996,7,1997
2747,7,1997
1996,7,2206
2747,7,2206
3626,7,3627
2175,7,2176
2308,7,2309
2754,7,2755
3584,7,1931
1930,7,1931
3088,7,1931
1944,7,1945
1838,7,1839
2449,7,2450
2068,7,2069
2743,7,2744
2557,7,3114
3048,7,3049
2290,7,2291
2290,7,3184
2261,7,2262
2477,7,2478
3628,7,2100
2099,7,2100
2607,7,2608
3582,7,3583
3040,7,3041
1960,7,1961
2795,7,2796
2368,7,2369
3539,7,3540
3159,7,3160
2947,7,2948
3209,7,1876
1875,7,1876
2333,7,2334
2551,7,2552
2250,7,2251
2682,7,2683
1832,7,1833
1702,7,1703
2524,7,2525
2548,7,2525
2417,7,2418
2516,7,2517
2117,7,2118
2313,7,2314
2123,7,2124
2869,7,2870
3425,7,3426
3102,7,3103
2677,7,2063
2062,7,2063
3178,7,3179
2623,7,2624
3488,7,3489
3450,7,3451
2945,7,2946
2591,7,2592
2315,7,3198
1814,7,2325
2400,7,2325
1814,7,1815
2400,7,1815
1814,7,2505
2400,7,2505
1814,7,2233
2400,7,2233
2087,7,2088
2680,7,2681
1774,7,1775
2752,7,2753
2549,7,2550
3482,7,3483
3585,7,3586
2494,5,533
339,5,336
2468,5,474
2513,5,23
1737,5,43
2868,5,43
2046,5,43
2663,5,43
3343,5,255
2200,5,472
2399,5,472
1917,5,187
3021,5,187
2846,5,125
3402,5,187
3500,5,518
2667,5,221
3266,5,91
3538,5,1388
2990,5,472
2610,5,472
3618,5,472
2174,5,1414
3270,5,125
2217,5,23
3174,5,129
2988,5,275
1827,5,129
3101,5,147
3603,5,518
3085,5,147
3274,5,118
3639,5,147
2191,5,255
3601,5,255
3275,5,255
1966,5,255
2875,5,255
3491,5,255
2389,5,255
2937,5,255
1993,5,255
2320,5,23
2612,5,255
3022,5,221
2982,5,255
2649,5,187
2154,5,118
3556,5,147
2381,5,255
3523,5,255
3419,5,1009
3349,5,336
3454,5,118
1769,5,147
3285,5,255
2874,5,23
3226,5,125
2558,5,5
1739,5,255
1884,5,255
3663,5,255
2243,5,1009
3680,5,255
3636,5,255
2330,5,255
2586,5,255
2241,5,255
3562,5,255
3439,5,175
3306,5,255
2511,5,164
2580,5,118
3341,5,125
2999,5,125
2756,5,23
2142,5,125
2075,5,73
2899,5,255
2134,5,147
2923,5,255
2547,5,23
2356,5,5
2634,5,23
3433,5,23
3554,5,221
3200,5,43
2836,5,187
3568,5,91
3134,5,147
2904,5,23
3126,5,1009
3018,5,1009
3441,5,43
1797,5,255
3214,5,43
1953,5,118
2760,5,474
2523,5,255
3322,5,336
2145,5,73
2671,5,284
2654,5,19
1843,5,147
1913,5,175
3034,5,255
2541,5,255
2925,5,255
3136,5,255
2406,5,164
2332,5,255
1789,5,255
3638,5,1009
2696,5,255
1779,5,147
2959,5,1009
3473,5,1009
3312,5,164
2942,5,164
3065,5,19
2249,5,43
3251,5,147
3128,5,255
3099,5,255
3504,5,255
2660,5,147
1823,5,1009
1923,5,255
2387,5,221
2387,5,481
2045,5,255
3037,5,1009
2126,5,1009
2081,5,255
30,5,23
1905,5,43
3496,5,255
3644,5,255
3227,5,255
3168,5,255
2640,5,255
2348,5,255
2938,5,125
3323,5,336
2662,5,147
1903,5,336
3024,5,336
1909,5,147
3257,5,255
2096,5,255
2027,5,255
2950,5,255
1964,5,1009
3224,5,1009
3519,5,156
2834,5,118
3449,5,147
3394,5,73
1943,5,118
2286,5,43
3234,5,221
2011,5,147
1889,5,43
2554,5,221
3370,5,129
2876,5,164
2748,5,164
1773,5,164
3576,5,164
2763,5,118
2408,5,187
1715,5,1009
3195,5,1009
1970,5,1398
1731,5,91
3140,5,73
3007,5,147
3237,5,336
1933,5,164
2855,5,164
3590,5,147
2704,5,175
1777,5,1009
2322,5,164
3302,5,147
1799,5,147
2170,5,91
2472,5,1009
3229,5,23
1805,5,147
2556,5,164
3166,5,255
2483,5,23
1937,5,164
3356,5,255
2791,5,125
349,5,336
64,5,63
2186,5,187
3087,5,221
3362,5,221
2630,5,221
1897,5,175
2367,5,255
2041,5,255
1976,5,336
2887,5,129
2371,5,147
1793,5,1009
1870,5,1009
2688,5,147
1962,5,255
2410,5,255
2672,5,91
3310,5,164
3347,5,103
3558,5,23
3566,5,255
2786,5,43
2890,5,147
3170,5,255
2584,5,255
54,5,43
3328,5,147
3643,5,73
1986,5,175
2120,5,255
3060,5,481
3512,5,255
346,5,336
3358,5,255
2138,5,255
2266,5,187
2247,5,336
1735,5,255
3231,5,118
3019,5,255
3682,5,336
2422,5,336
3363,5,336
3579,5,336
3551,5,43
3477,5,125
1763,5,43
1947,5,474
2687,5,336
3035,5,336
2235,5,518
1941,5,255
2198,5,255
1868,5,255
3291,5,481
2106,5,678
2957,5,518
1899,5,474
3641,5,518
2436,5,336
2749,5,255
3657,5,43
3560,5,255
2194,5,336
1741,5,125
141,5,140
1821,5,23
2979,5,1009
2104,5,1009
2460,5,43
2289,5,255
2805,5,147
131,5,129
2736,5,1388
1907,5,164
3614,5,336
2098,5,255
3673,5,147
3661,5,221
1795,5,336
2458,5,164
2734,5,336
2498,5,118
2963,5,164
1753,5,147
1747,5,5
3155,5,91
2492,5,164
2210,5,255
3206,5,11
2416,5,336
3095,5,336
2312,5,518
2442,5,147
2645,5,255
3414,5,255
3408,5,129
2698,5,255
1955,5,175
2676,5,147
3469,5,147
2017,5,147
2237,5,147
1705,5,147
2084,5,147
2344,5,147
2715,5,147
3202,5,147
2994,5,147
1878,5,147
2476,5,147
2122,5,147
1866,5,147
2859,5,147
3368,5,129
3428,5,255
3515,5,129
2444,5,255
2794,5,1159
3543,5,147
2112,5,336
2112,5,129
2759,5,147
2614,5,125
2130,5,125
2679,5,255
2539,5,255
3444,5,1219
1841,5,147
2276,5,1009
2535,5,255
2079,5,147
1829,5,221
3517,5,255
3223,5,43
3676,5,336
3083,5,255
142,5,140
2882,5,129
3107,5,255
3485,5,255
2496,5,255
2628,5,125
3531,5,255
2674,5,147
3646,5,255
3464,5,147
2620,5,147
2110,5,147
2986,5,118
2690,5,1009
2865,5,147
2519,5,164
2086,5,147
1951,5,1009
2148,5,1009
2850,5,255
3497,5,255
2056,5,255
3078,5,336
2884,5,129
2013,5,1009
2491,5,147
2669,5,1009
3345,5,147
3594,5,1009
2432,5,147
2965,5,147
1837,5,147
3188,5,147
3630,5,147
2545,5,147
2813,5,43
1745,5,43
1885,5,43
3334,5,43
2474,5,65
1801,5,147
2060,5,147
3167,5,336
2773,5,255
2792,5,336
3120,5,336
2033,5,129
2807,5,1009
1729,5,255
2719,5,1009
3378,5,164
2927,5,518
3487,5,255
2590,5,221
2819,5,129
2008,5,91
3211,5,118
3026,5,1159
2821,5,255
3581,5,1388
3634,5,43
2190,5,255
2531,5,255
3592,5,255
2969,5,255
2637,5,255
3508,5,129
3117,5,255
3493,5,255
2219,5,1009
2257,5,118
2279,5,118
2588,5,255
2598,5,43
3616,5,255
2700,5,255
2132,5,255
1988,5,255
3272,5,23
2838,5,23
2430,5,255
1853,5,255
3241,5,255
27,5,23
2685,5,23
3218,5,129
1863,5,336
2152,5,255
1978,5,255
2221,5,336
3300,5,129
2810,5,147
2035,5,23
2658,5,23
2906,5,91
3204,5,23
2726,5,336
3431,5,336
3536,5,255
2357,5,336
1864,5,336
1713,5,336
2776,5,336
341,5,336
1709,5,518
2116,5,518
2582,5,1385
3600,5,91
2147,5,147
2383,5,118
3547,5,118
2867,5,118
3164,5,164
3030,5,118
3250,5,118
2929,5,474
1725,5,118
3239,5,118
3289,5,1388
2533,5,474
2935,5,118
1995,5,23
2955,5,118
3578,5,118
3005,5,118
520,5,518
3255,5,73
3262,5,118
3132,5,147
2665,5,255
2831,5,147
3462,5,164
2798,5,118
3333,5,255
2908,5,91
2031,5,1385
3622,5,125
3279,5,336
2295,5,255
3304,5,255
3067,5,118
3162,5,255
2307,5,255
2740,5,164
2284,5,481
2900,5,23
1781,5,255
3212,5,336
2232,5,187
2529,5,175
1959,5,275
2428,5,23
2184,5,1009
3045,5,147
2227,5,147
3410,5,147
3396,5,147
2029,5,147
3471,5,147
2815,5,1009
2420,5,147
3243,5,147
2091,5,147
2303,5,147
2231,5,147
2730,5,147
3124,5,147
2977,5,147
2361,5,147
2424,5,147
2953,5,147
1901,5,147
1929,5,147
2622,5,147
3570,5,147
2168,5,147
2299,5,147
1771,5,147
1831,5,336
1831,5,129
1939,5,156
2572,5,147
2894,5,147
2639,5,147
2397,5,1009
3514,5,164
2872,5,164
2342,5,147
2981,5,73
2564,5,73
2452,5,91
2921,5,73
2771,5,255
3606,5,542
2213,5,11
2094,5,542
2203,5,43
3415,5,249
3599,5,1009
1759,5,221
3292,5,255
2761,5,255
2272,5,147
3189,5,147
2164,5,147
2515,5,106
2278,5,73
2336,5,91
2454,5,147
2037,5,147
3374,5,147
3336,5,147
3675,5,147
2352,5,147
3652,5,147
3510,5,147
3632,5,147
2709,5,275
2324,5,147
3075,5,147
2632,5,147
2857,5,336
2470,5,147
1749,5,336
1861,5,147
2895,5,129
1811,5,164
2051,5,118
3058,5,118
2093,5,91
3437,5,1009
3598,5,147
2897,5,147
3456,5,147
2570,5,147
2067,5,147
3417,5,129
1925,5,147
3077,5,147
2746,5,147
2944,5,147
2019,5,147
2365,5,125
3372,5,147
3105,5,147
2178,5,125
1791,5,147
2596,5,164
3367,5,255
122,5,118
3447,5,1199
2010,5,255
3502,5,255
3069,5,255
1957,5,164
3320,5,255
1851,5,147
1813,5,129
3435,5,255
3151,5,255
3360,5,147
3495,5,255
3172,5,255
3458,5,255
2717,5,255
3004,5,255
2102,5,1009
3351,5,175
2043,5,118
3545,5,43
1980,5,147
2616,5,1009
2616,5,255
1835,5,1009
2692,5,472
2015,5,43
1757,5,336
2338,5,1009
1990,5,147
2172,5,147
3142,5,147
3091,5,147
3253,5,1388
3610,5,255
2271,5,255
2395,5,1009
2114,5,1388
3009,5,164
1723,5,118
3549,5,147
3144,5,147
2393,5,147
3330,5,147
3248,5,129
2464,5,164
1751,5,147
3385,5,147
2742,5,336
2742,5,229
2340,5,118
2188,5,43
3481,5,255
1743,5,175
3424,5,147
1849,5,147
3260,5,336
3648,5,336
3001,5,147
1887,5,255
2767,5,118
3281,5,125
2933,5,703
1860,5,23
2077,5,118
36,5,23
3056,5,255
3208,5,23
3197,5,164
3392,5,336
3315,5,1009
2951,5,156
2801,5,255
2537,5,164
3397,5,336
2373,5,336
2379,5,255
2975,5,255
3294,5,164
2350,5,23
2711,5,91
2861,5,1009
2861,5,255
3157,5,255
2128,5,91
3220,5,175
1919,5,118
2509,5,43
1761,5,518
2316,5,164
2606,5,147
2274,5,91
2522,5,950
1783,5,164
1845,5,950
3051,5,125
3564,5,1414
2002,5,23
1935,5,221
2482,5,221
3192,5,221
3586,5,1414
2550,5,255
2753,5,1009
1775,5,1398
2681,5,255
2088,5,255
2233,5,147
2505,5,147
1815,5,43
3198,5,164
2592,5,1009
3451,5,1009
3489,5,255
2624,5,1009
3179,5,255
2063,5,474
3103,5,255
3426,5,1009
2870,5,284
2124,5,1009
2124,5,255
2314,5,255
2517,5,129
2418,5,336
2525,5,118
1703,5,1009
2251,5,23
2552,5,336
2334,5,164
1876,5,118
3160,5,255
3540,5,5
2369,5,19
2796,5,255
1961,5,255
3041,5,255
3583,5,255
2608,5,336
2100,5,129
2262,5,255
3184,5,255
2291,5,255
3049,5,255
3114,5,147
2744,5,43
2069,5,481
2450,5,336
1945,5,118
1931,5,164
2755,5,518
2309,5,255
2176,5,255
3627,5,1009
2206,5,164
2800,5,255
183,5,175
114,5,110
2886,5,91
2594,5,156
2073,5,103
2578,5,156
2136,5,103
37,5,23
3529,5,187
1765,5,1128
1982,5,1414
2827,5,103
3011,5,336
51,5,43
2973,5,255
3479,5,255
2751,5,91
3115,5,147
2829,5,175
1711,5,518
2215,5,1009
3181,5,255
2918,5,336
3264,5,1009
3264,5,255
2931,5,1009
3043,5,1009
3535,5,255
2647,5,129
3380,5,129
2377,5,147
2485,5,147
2618,5,255
348,5,336
1717,5,255
57,5,43
3654,5,1009
3325,5,1470
3071,5,1009
2707,5,336
209,5,187
3527,5,255
223,5,221
2089,5,255
3572,5,255
2048,5,147
3382,5,255
2054,5,645
2489,5,129
2489,5,255
2108,5,255
2223,5,255
126,5,125
107,5,106
1992,5,129
2144,5,255
52,5,43
3684,5,255
2004,5,255
1893,5,255
165,5,164
3331,5,11
2652,5,69
184,5,175
2961,5,518
2961,5,147
2229,5,43
13,5,11
343,5,336
521,5,518
8,5,7
55,5,43
347,5,336
2878,5,1470
340,5,336
2446,5,255
16,5,11
345,5,336
344,5,336
2602,5,255
2245,5,63
179,5,336
179,5,175
2817,5,129
3216,5,143
252,5,249
1855,5,147
1733,5,43
2967,5,147
2789,5,336
3612,5,472
3575,5,1388
3412,5,118
2803,5,118
3376,5,1009
2438,5,255
2694,5,518
3246,5,1388
1874,5,1388
3013,5,1159
2576,5,1388
3258,5,249
2626,5,336
2507,5,255
1721,5,474
2642,5,255
2412,5,118
2702,5,255
150,5,147
178,5,175
3148,5,255
3460,5,11
3596,5,118
2305,5,255
2180,5,255
135,5,129
1911,5,129
3097,5,147
2635,5,255
2566,5,255
2456,5,255
2440,5,129
3222,5,336
2527,5,255
3389,5,481
2713,5,147
182,5,249
182,5,175
1719,5,1388
1719,5,971
2166,5,147
2163,5,43
2434,5,129
2310,5,255
1927,5,255
3427,5,255
1856,5,481
3109,5,336
1872,5,129
2840,5,187
2723,5,1009
2448,5,336
2732,5,336
2998,5,255
222,5,221
1809,5,129
3296,5,1009
2775,5,255
256,5,255
543,5,542
60,5,43
201,5,187
20,5,19
98,5,91
66,5,65
522,5,518
3232,5,147
48,5,43
26,5,23
3390,5,43
46,5,43
38,5,23
3070,5,255
251,5,249
338,5,336
352,5,336
151,5,147
2404,5,255
97,5,91
3052,5,1009
75,5,73
534,5,533
144,5,143
2326,5,255
59,5,43
2297,5,129
153,5,147
12,5,11
1817,5,255
1858,5,255
137,5,129
47,5,43
473,5,472
72,5,69
285,5,284
108,5,106
32,5,23
35,5,23
2651,5,43
276,5,275
2996,5,43
277,5,275
257,5,255
104,5,103
99,5,91
50,5,43
100,5,91
45,5,43
337,5,336
2568,5,147
3032,5,147
2880,5,147
3624,5,255
181,5,175
42,5,91
42,5,41
230,5,336
230,5,229
250,5,249
253,5,249
475,5,474
3225,5,1009
2161,5,255
3138,5,1385
523,5,518
158,5,156
25,5,23
157,5,156
176,5,175
134,5,129
83,5,82
44,5,43
132,5,129
14,5,11
194,5,187
21,5,19
1386,5,1385
632,5,118
633,5,275
1389,5,1388
634,5,23
635,5,23
636,5,187
1390,5,472
637,5,118
638,5,125
642,5,641
646,5,645
1391,5,472
647,5,23
648,5,23
649,5,645
650,5,23
651,5,23
652,5,23
653,5,23
654,5,23
655,5,641
656,5,23
657,5,23
1392,5,1385
1393,5,1385
658,5,641
659,5,103
1394,5,472
660,5,91
661,5,336
662,5,187
663,5,645
664,5,69
665,5,125
666,5,641
667,5,645
668,5,645
669,5,641
1395,5,472
1396,5,472
670,5,187
674,5,673
675,5,23
676,5,23
677,5,645
679,5,678
680,5,187
1399,5,1398
1400,5,533
681,5,187
682,5,23
683,5,641
684,5,275
685,5,275
686,5,23
687,5,23
688,5,275
689,5,164
691,5,690
692,5,23
693,5,164
694,5,164
695,5,23
696,5,673
697,5,275
698,5,118
699,5,43
700,5,43
701,5,5
702,5,187
704,5,703
1406,5,472
718,5,118
719,5,275
720,5,275
721,5,336
722,5,275
1407,5,472
723,5,645
724,5,275
725,5,118
1408,5,474
726,5,19
727,5,645
1409,5,474
728,5,19
729,5,69
730,5,110
731,5,110
733,5,732
734,5,187
735,5,187
736,5,275
1410,5,474
737,5,43
738,5,19
739,5,23
740,5,69
740,5,255
1411,5,474
741,5,255
1412,5,1388
742,5,23
743,5,19
1413,5,472
744,5,69
745,5,69
746,5,703
1415,5,1414
747,5,164
748,5,275
749,5,41
1418,5,1417
1423,5,474
752,5,751
1429,5,474
753,5,187
754,5,751
755,5,187
756,5,73
757,5,23
758,5,751
759,5,751
760,5,187
1430,5,474
761,5,164
762,5,23
763,5,187
764,5,187
765,5,751
766,5,751
767,5,125
768,5,187
769,5,284
770,5,118
774,5,773
1431,5,542
775,5,187
1432,5,1388
776,5,23
777,5,73
778,5,73
779,5,110
780,5,110
1433,5,1388
781,5,110
782,5,110
1434,5,474
1435,5,474
1436,5,1388
783,5,187
1437,5,1388
784,5,187
1438,5,1388
785,5,143
786,5,187
1439,5,1388
1440,5,1388
787,5,645
788,5,645
789,5,645
790,5,187
791,5,187
1441,5,474
792,5,187
793,5,645
794,5,125
795,5,73
1442,5,1388
1443,5,474
796,5,164
797,5,164
1444,5,1388
1445,5,1388
1446,5,1388
798,5,1388
798,5,73
1447,5,1388
1448,5,1388
1449,5,1388
799,5,23
800,5,23
801,5,23
802,5,23
803,5,118
804,5,69
805,5,118
806,5,118
807,5,645
1450,5,1388
1451,5,474
808,5,187
809,5,187
1452,5,472
810,5,73
811,5,187
812,5,645
1453,5,474
813,5,187
814,5,187
1454,5,472
1455,5,472
1456,5,472
1457,5,472
1458,5,472
815,5,73
1459,5,1388
1460,5,1388
816,5,187
1461,5,1388
817,5,187
818,5,1388
818,5,73
819,5,187
820,5,187
821,5,187
1462,5,474
822,5,187
823,5,645
824,5,187
825,5,187
826,5,73
1463,5,1388
827,5,751
1464,5,474
1465,5,474
828,5,73
829,5,23
830,5,187
1466,5,474
1467,5,1388
831,5,164
1468,5,474
832,5,156
1469,5,1388
833,5,751
1471,5,1470
1473,5,474
1474,5,474
834,5,678
837,5,836
838,5,751
839,5,751
840,5,125
1475,5,1388
841,5,73
842,5,156
1476,5,1398
843,5,836
844,5,23
845,5,187
846,5,156
1477,5,1388
847,5,73
1478,5,1388
1479,5,1388
1480,5,1388
1481,5,1388
1482,5,474
1483,5,474
1484,5,1388
848,5,11
849,5,156
850,5,751
851,5,91
852,5,91
853,5,91
1485,5,1388
1486,5,1388
1487,5,1388
1488,5,1388
1489,5,1388
854,5,187
1490,5,1388
855,5,751
856,5,645
857,5,645
858,5,836
859,5,836
860,5,23
860,5,187
861,5,187
1491,5,1388
862,5,156
863,5,187
864,5,836
865,5,23
866,5,187
867,5,645
1492,5,1388
868,5,118
869,5,836
870,5,73
1493,5,1388
1494,5,1388
871,5,1388
871,5,73
1495,5,1388
1496,5,1388
1497,5,1388
1498,5,1388
1499,5,1388
872,5,73
1500,5,1388
873,5,73
1501,5,1388
1502,5,1470
874,5,73
875,5,23
876,5,73
1503,5,1388
1504,5,1388
877,5,156
878,5,156
879,5,156
880,5,187
881,5,23
882,5,91
1505,5,1388
883,5,23
884,5,118
885,5,645
886,5,187
1506,5,1388
1507,5,1388
1508,5,1388
1509,5,1388
887,5,645
888,5,23
889,5,23
890,5,164
891,5,73
892,5,118
1510,5,518
893,5,23
1511,5,474
1512,5,1388
894,5,187
895,5,187
896,5,187
897,5,645
898,5,836
899,5,187
900,5,187
1513,5,474
901,5,118
902,5,118
1514,5,1414
903,5,23
904,5,73
905,5,23
906,5,118
907,5,645
908,5,73
1515,5,474
909,5,23
910,5,156
911,5,156
1516,5,1388
1517,5,1388
912,5,156
1518,5,518
913,5,125
914,5,23
1519,5,1388
1520,5,1388
915,5,751
1521,5,474
916,5,751
917,5,73
1522,5,518
1523,5,1388
918,5,645
919,5,187
920,5,164
921,5,187
1524,5,1385
1525,5,1385
1526,5,1385
1527,5,1385
1528,5,1398
922,5,187
923,5,275
1529,5,1385
1530,5,1388
1531,5,1398
1532,5,1388
1533,5,1388
924,5,836
1534,5,1385
925,5,751
1535,5,1388
1536,5,1385
926,5,249
1537,5,1385
1538,5,1385
1539,5,1385
1540,5,1385
927,5,751
928,5,156
1541,5,1385
929,5,187
930,5,23
931,5,23
932,5,164
1542,5,1385
933,5,187
1543,5,1385
1544,5,1385
1545,5,1385
934,5,751
935,5,751
936,5,751
1546,5,1388
1547,5,1388
937,5,73
938,5,187
939,5,187
940,5,23
941,5,645
942,5,703
943,5,23
944,5,73
945,5,23
1548,5,474
946,5,23
1549,5,1388
947,5,23
948,5,275
1550,5,1388
951,5,950
952,5,23
953,5,23
954,5,23
955,5,23
956,5,23
957,5,23
958,5,164
959,5,641
960,5,69
961,5,103
962,5,187
963,5,950
964,5,118
965,5,23
966,5,950
967,5,118
968,5,23
969,5,23
970,5,118
972,5,971
973,5,187
974,5,703
975,5,5
976,5,255
1554,5,1553
1562,5,1553
977,5,255
978,5,118
980,5,979
1563,5,542
981,5,979
1564,5,533
982,5,118
983,5,23
984,5,23
985,5,23
986,5,23
987,5,110
988,5,103
989,5,110
990,5,110
991,5,110
992,5,110
993,5,110
994,5,255
995,5,255
996,5,255
997,5,255
998,5,255
999,5,255
1000,5,255
1001,5,255
1002,5,19
1003,5,23
1004,5,23
1005,5,147
1006,5,187
1007,5,187
1008,5,147
1565,5,1398
1010,5,1009
1012,5,1011
1036,5,1011
1037,5,23
1577,5,1576
1038,5,641
1039,5,255
1040,5,255
1041,5,641
1042,5,118
1043,5,1011
1578,5,533
1044,5,255
1045,5,255
1046,5,147
1047,5,147
1048,5,23
1049,5,255
1050,5,118
1051,5,23
1052,5,255
1053,5,255
1054,5,979
1057,5,1056
1061,5,1009
1062,5,187
1063,5,336
1064,5,110
1065,5,110
1066,5,110
1067,5,110
1068,5,43
1069,5,284
1070,5,275
1071,5,255
1579,5,481
1072,5,118
1073,5,118
1074,5,275
1580,5,542
1581,5,542
1075,5,118
1076,5,118
1077,5,641
1078,5,187
1079,5,1011
1080,5,23
1584,5,1583
1586,5,1583
1587,5,1583
1588,5,1583
1589,5,1583
1590,5,1583
1591,5,1583
1594,5,1593
1595,5,1593
1081,5,110
1082,5,23
1083,5,118
1084,5,118
1085,5,23
1086,5,836
1087,5,118
1088,5,118
1090,5,1089
1091,5,275
1092,5,110
1093,5,110
1094,5,110
1095,5,110
1096,5,110
1097,5,703
1598,5,1597
1604,5,1603
1605,5,542
1098,5,147
1099,5,1056
1100,5,175
1101,5,147
1102,5,147
1103,5,147
1606,5,533
1104,5,23
1105,5,221
1106,5,43
1107,5,187
1108,5,255
1607,5,533
1608,5,533
1109,5,275
1110,5,255
1611,5,1610
1111,5,110
1112,5,23
1113,5,110
1114,5,336
1115,5,641
1116,5,187
1117,5,1011
1613,5,1610
1118,5,5
1119,5,249
1120,5,255
1121,5,249
1614,5,1610
1123,5,1122
1124,5,187
1125,5,187
1126,5,118
1129,5,1128
1131,5,23
1132,5,69
1625,5,1624
1133,5,255
1134,5,255
1135,5,255
1626,5,518
1627,5,518
1628,5,518
1136,5,164
1137,5,187
1629,5,1597
1138,5,43
1139,5,641
1140,5,641
1141,5,641
1142,5,641
1143,5,641
1144,5,23
1145,5,11
1146,5,118
1147,5,1056
1148,5,336
1149,5,336
1150,5,69
1151,5,43
1630,5,1398
1152,5,110
1153,5,187
1154,5,23
1155,5,1011
1156,5,23
1157,5,118
1158,5,43
1631,5,533
1160,5,1159
1163,5,255
1164,5,255
1165,5,255
1166,5,255
1167,5,118
1168,5,275
1169,5,255
1170,5,187
1170,5,1011
1171,5,91
1172,5,23
1634,5,542
1173,5,118
1174,5,118
1175,5,43
1176,5,187
1177,5,118
1178,5,118
1179,5,1159
1635,5,1385
1180,5,43
1181,5,110
1182,5,275
1183,5,255
1184,5,69
1185,5,641
58,5,43
49,5,43
1186,5,249
1187,5,118
1188,5,187
1189,5,156
1190,5,255
1191,5,156
1192,5,118
1193,5,118
1194,5,118
1195,5,1056
1196,5,23
1197,5,110
1198,5,1011
1200,5,1199
1204,5,175
1205,5,23
1206,5,118
1207,5,7
1208,5,673
1209,5,23
1639,5,1638
1210,5,43
1211,5,221
1212,5,1159
1213,5,336
1641,5,1576
1214,5,641
1215,5,5
1216,5,43
1217,5,91
1218,5,91
1642,5,1576
1220,5,1219
1221,5,110
1222,5,110
1223,5,110
1224,5,110
1225,5,110
1226,5,110
1227,5,110
1228,5,110
1229,5,110
1230,5,43
1231,5,43
1232,5,43
1233,5,43
1234,5,91
1235,5,164
1236,5,275
1237,5,275
1644,5,542
1645,5,1414
1238,5,23
1239,5,255
1240,5,187
1241,5,19
1242,5,255
1646,5,1398
1243,5,91
1244,5,43
1245,5,129
1246,5,255
1247,5,43
1248,5,175
1249,5,1128
1250,5,690
1251,5,1388
1251,5,23
1252,5,5
1253,5,91
1254,5,703
1255,5,641
1256,5,110
1257,5,255
1258,5,91
1259,5,91
1260,5,23
1260,5,43
1261,5,255
1262,5,255
1263,5,255
1264,5,255
1265,5,255
1266,5,275
1267,5,103
1268,5,275
1269,5,23
1270,5,23
1271,5,23
1272,5,673
1273,5,275
1647,5,1470
1274,5,275
1275,5,275
1648,5,481
1276,5,221
1277,5,221
1278,5,147
1279,5,187
1280,5,23
1281,5,187
1282,5,187
1283,5,187
1284,5,187
1285,5,187
1286,5,187
1287,5,187
1288,5,187
1289,5,187
1290,5,187
1291,5,187
1292,5,187
1293,5,187
1294,5,187
1295,5,164
204,5,187
1296,5,215
1297,5,187
1298,5,187
1299,5,187
1300,5,187
1301,5,187
1302,5,187
1303,5,187
1304,5,187
1305,5,187
1306,5,187
1307,5,187
1308,5,187
1309,5,187
1310,5,187
1311,5,187
1312,5,187
1313,5,187
1314,5,187
1315,5,187
1316,5,187
1317,5,118
1318,5,23
1319,5,187
1320,5,255
1321,5,164
1322,5,187
1323,5,187
1324,5,187
207,5,187
1325,5,187
1326,5,164
1649,5,1388
1327,5,336
1328,5,336
1650,5,1388
1651,5,1388
1652,5,1388
1329,5,23
1330,5,187
1653,5,1388
1331,5,156
1654,5,1388
1655,5,1388
1656,5,1388
1332,5,118
1333,5,69
1334,5,118
1657,5,1388
1335,5,118
1658,5,1388
1659,5,472
208,5,187
208,5,474
1336,5,125
1660,5,1388
1337,5,187
1661,5,1388
1662,5,1388
1663,5,1388
1664,5,1388
1338,5,187
1665,5,474
1666,5,1388
1667,5,1388
1339,5,187
1340,5,336
1341,5,118
1342,5,255
1343,5,255
1668,5,1388
1344,5,645
1345,5,645
1346,5,156
1347,5,187
1669,5,542
1348,5,187
1349,5,23
1350,5,118
1670,5,1388
1671,5,533
1351,5,187
1672,5,1388
1352,5,187
1673,5,472
1674,5,472
1353,5,91
1354,5,91
1355,5,284
1675,5,1388
1356,5,187
1357,5,5
1676,5,1388
1358,5,73
258,5,255
1677,5,1388
1679,5,1678
1681,5,474
1682,5,1388
1359,5,69
1360,5,118
1361,5,23
1362,5,73
1683,5,1388
1684,5,1388
1685,5,1388
1686,5,474
1687,5,1388
1363,5,69
1364,5,69
1365,5,73
1366,5,73
1367,5,69
1688,5,1414
1689,5,1385
1690,5,1388
1368,5,118
1369,5,69
1370,5,971
1691,5,1388
1692,5,1388
1693,5,1388
1694,5,1388
1371,5,73
1372,5,118
1695,5,1388
1373,5,23
1374,5,69
1375,5,69
1696,5,1388
1376,5,69
1376,5,23
1377,5,69
1378,5,1388
1378,5,23
1379,5,69
1380,5,118
1697,5,1388
1698,5,1388
1699,5,1388
1700,5,1388
1381,5,69
1382,5,69
1701,5,1388
149,5,147
188,5,187
133,5,129
351,5,336
342,5,336
119,5,118
29,5,118
29,5,23
197,5,187
39,5,23
136,5,129
17,5,11
28,5,23
177,5,175
167,5,164
92,5,91
71,5,69
113,5,110
180,5,175
199,5,187
15,5,11
120,5,118
152,5,147
56,5,43
483,5,481
53,5,43
112,5,110
130,5,129
2267,5,645
210,5,187
200,5,187
6,5,5
84,5,82
76,5,73
121,5,118
70,5,69
74,5,73
191,5,187
211,5,187
166,5,164
212,5,187
203,5,187
196,5,187
198,5,187
206,5,187
193,5,187
111,5,110
524,5,518
24,5,23
24,5,110
2520,5,129
31,5,23
34,5,23
216,5,215
202,5,187
190,5,187
95,5,91
33,5,23
189,5,187
205,5,187
195,5,187
482,5,481
192,5,187
94,5,91
353,5,336
350,5,336
148,5,147
217,5,215
93,5,91
519,5,518
96,5,91
